105.025341 32.051019 0.000000
108.229794 32.031824 -0.371879
111.430588 31.978922 -0.676320
114.624667 31.898426 -0.925531
117.809530 31.795344 -1.129510
120.983131 31.673776 -1.296445
124.143795 31.537080 -1.433043
127.290150 31.388007 -1.544796
130.421074 31.228809 -1.636202
133.535652 31.061330 -1.710945
136.633132 30.887081 -1.772041
139.712902 30.707299 -1.821963
142.774460 30.522997 -1.862733
145.817397 30.335006 -1.896009
148.841379 30.144003 -1.923148
151.846135 29.950546 -1.945262
154.831442 29.755089 -1.963262
157.797118 29.558007 -1.977892
160.743019 29.359604 -1.989765
163.669023 29.160130 -1.999379
166.575036 28.959791 -2.007144
169.460978 28.758753 -2.013397
172.326788 28.557153 -2.018411
175.172414 28.355105 -2.022411
177.997817 28.152699 -2.025583
180.802965 27.950011 -2.028076
183.587832 27.747102 -2.030014
186.352400 27.544023 -2.031499
189.096653 27.340815 -2.032613
191.820580 27.137511 -2.033425
194.524173 26.934138 -2.033989
197.207427 26.730720 -2.034352
199.870337 26.527273 -2.034550
202.512901 26.323814 -2.034615
205.135120 26.120354 -2.034571
207.736993 25.916903 -2.034438
210.318521 25.713469 -2.034234
212.879708 25.510058 -2.033973
215.420554 25.306676 -2.033664
217.941064 25.103326 -2.033318
220.441241 24.900013 -2.032943
222.921088 24.696739 -2.032543
225.380610 24.493505 -2.032125
227.819811 24.290314 -2.031693
230.238695 24.087167 -2.031250
232.637266 23.884064 -2.030798
235.015530 23.681007 -2.030340
237.373490 23.477996 -2.029878
239.711151 23.275032 -2.029414
242.028518 23.072114 -2.028948
244.325595 22.869242 -2.028481
107.818065 32.191858 0.000000
111.036602 32.172659 -0.371961
114.251478 32.119745 -0.676469
117.459639 32.039232 -0.925734
120.658582 31.936127 -1.129758
123.846260 31.814532 -1.296730
127.020997 31.677807 -1.433357
130.181423 31.528701 -1.545133
133.326416 31.369468 -1.636558
136.455058 31.201952 -1.711316
139.566598 31.027666 -1.772424
142.660424 30.847845 -1.822355
145.736035 30.663504 -1.863132
148.793021 30.475472 -1.896413
151.831048 30.284429 -1.923556
154.849844 30.090930 -1.945673
157.849187 29.895433 -1.963674
160.828896 29.698309 -1.978306
163.788824 29.499865 -1.990178
166.728853 29.300350 -1.999792
169.648886 29.099969 -2.007557
172.548844 28.898890 -2.013808
175.428665 28.697249 -2.018820
178.288299 28.495160 -2.022819
181.127705 28.292713 -2.025988
183.946852 28.089985 -2.028479
186.745715 27.887036 -2.030415
189.524274 27.683917 -2.031898
192.282515 27.480669 -2.033010
195.020425 27.277325 -2.033818
197.737998 27.073914 -2.034380
200.435227 26.870456 -2.034740
203.112109 26.666971 -2.034936
205.768641 26.463473 -2.034998
208.404824 26.259975 -2.034951
211.020657 26.056486 -2.034815
213.616142 25.853015 -2.034609
216.191281 25.649566 -2.034344
218.746076 25.446147 -2.034032
221.280532 25.242761 -2.033684
223.794650 25.039411 -2.033305
226.288436 24.836101 -2.032903
228.761892 24.632831 -2.032482
231.215024 24.429605 -2.032047
233.647835 24.226422 -2.031601
236.060330 24.023285 -2.031146
238.452514 23.820193 -2.030685
240.824391 23.617148 -2.030220
243.175965 23.414149 -2.029753
245.507242 23.211197 -2.029284
247.818226 23.008293 -2.028815
92.985880 32.051502 0.000000
96.190381 32.032307 -0.371879
99.391223 31.979405 -0.676320
102.585350 31.898909 -0.925531
105.770262 31.795827 -1.129511
108.943911 31.674259 -1.296446
112.104623 31.537563 -1.433044
115.251026 31.388489 -1.544797
118.381999 31.229291 -1.636203
121.496625 31.061812 -1.710946
124.594153 30.887562 -1.772043
127.673971 30.707781 -1.821964
130.735577 30.523479 -1.862734
133.778563 30.335487 -1.896010
136.802593 30.144484 -1.923149
139.807397 29.951027 -1.945263
142.792752 29.755570 -1.963263
145.758476 29.558488 -1.977894
148.704425 29.360085 -1.989766
151.630478 29.160611 -1.999380
154.536538 28.960271 -2.007146
157.422529 28.759233 -2.013398
160.288386 28.557633 -2.018412
163.134061 28.355585 -2.022413
165.959512 28.153179 -2.025584
168.764707 27.950491 -2.028077
171.549623 27.747582 -2.030016
174.314238 27.544503 -2.031500
177.058539 27.341294 -2.032615
179.782514 27.137990 -2.033426
182.486155 26.934617 -2.033991
185.169457 26.731199 -2.034353
187.832414 26.527752 -2.034552
190.475027 26.324293 -2.034616
193.097293 26.120833 -2.034572
195.699214 25.917381 -2.034440
198.280790 25.713947 -2.034236
200.842025 25.510536 -2.033974
203.382919 25.307154 -2.033665
205.903477 25.103804 -2.033319
208.403701 24.900491 -2.032944
210.883596 24.697216 -2.032545
213.343166 24.493982 -2.032127
215.782415 24.290791 -2.031694
218.201346 24.087644 -2.031251
220.599965 23.884541 -2.030799
222.978276 23.681484 -2.030341
225.336284 23.478473 -2.029879
227.673993 23.275508 -2.029415
229.991408 23.072590 -2.028949
232.288533 22.869719 -2.028482
106.285697 32.048705 0.000000
109.489918 32.029510 -0.371877
112.690480 31.976608 -0.676317
115.884328 31.896113 -0.925527
119.068960 31.793031 -1.129506
122.242330 31.671464 -1.296441
125.402762 31.534768 -1.433038
128.548886 31.385695 -1.544791
131.679579 31.226498 -1.636196
134.793926 31.059019 -1.710939
137.891175 30.884771 -1.772035
140.970714 30.704990 -1.821956
144.032041 30.520689 -1.862726
147.074747 30.332698 -1.896002
150.098499 30.141696 -1.923141
153.103024 29.948239 -1.945255
156.088100 29.752784 -1.963255
159.053546 29.555702 -1.977886
161.999216 29.357300 -1.989758
164.924990 29.157827 -1.999372
167.830772 28.957488 -2.007138
170.716484 28.756450 -2.013390
173.582064 28.554851 -2.018404
176.427460 28.352803 -2.022405
179.252633 28.150398 -2.025576
182.057551 27.947711 -2.028069
184.842188 27.744803 -2.030008
187.606526 27.541725 -2.031493
190.350549 27.338517 -2.032607
193.074246 27.135214 -2.033418
195.777610 26.931842 -2.033983
198.460634 26.728424 -2.034346
201.123314 26.524978 -2.034544
203.765649 26.321519 -2.034609
206.387638 26.118060 -2.034565
208.989282 25.914609 -2.034432
211.570581 25.711176 -2.034228
214.131538 25.507766 -2.033966
216.672155 25.304384 -2.033658
219.192436 25.101035 -2.033312
221.692384 24.897723 -2.032937
224.172002 24.694449 -2.032537
226.631295 24.491216 -2.032120
229.070267 24.288025 -2.031687
231.488922 24.084879 -2.031244
233.887265 23.881777 -2.030792
236.265299 23.678720 -2.030334
238.623031 23.475710 -2.029873
240.960463 23.272746 -2.029408
243.277602 23.069828 -2.028942
245.574451 22.866957 -2.028476
93.931905 32.050217 0.000000
97.136278 32.031022 -0.371878
100.336991 31.978120 -0.676319
103.530990 31.897624 -0.925529
106.715773 31.794542 -1.129508
109.889294 31.672974 -1.296444
113.049877 31.536279 -1.433042
116.196152 31.387206 -1.544794
119.326997 31.228007 -1.636200
122.441494 31.060529 -1.710943
125.538894 30.886280 -1.772039
128.618584 30.706498 -1.821961
131.680062 30.522197 -1.862730
134.722919 30.334205 -1.896006
137.746821 30.143203 -1.923146
140.751497 29.949746 -1.945260
143.736724 29.754290 -1.963259
146.702320 29.557208 -1.977890
149.648141 29.358805 -1.989762
152.574066 29.159332 -1.999377
155.479998 28.958992 -2.007142
158.365861 28.757954 -2.013395
161.231591 28.556355 -2.018409
164.077137 28.354307 -2.022409
166.902460 28.151901 -2.025580
169.707528 27.949214 -2.028074
172.492316 27.746305 -2.030012
175.256804 27.543227 -2.031497
178.000977 27.340018 -2.032611
180.724825 27.136714 -2.033423
183.428338 26.933342 -2.033987
186.111512 26.729924 -2.034350
188.774343 26.526478 -2.034548
191.416828 26.323019 -2.034613
194.038967 26.119559 -2.034569
196.640760 25.916108 -2.034436
199.222209 25.712674 -2.034232
201.783316 25.509263 -2.033970
204.324083 25.305881 -2.033662
206.844514 25.102532 -2.033316
209.344611 24.899219 -2.032941
211.824379 24.695945 -2.032541
214.283822 24.492711 -2.032123
216.722943 24.289520 -2.031691
219.141748 24.086373 -2.031248
221.540240 23.883271 -2.030796
223.918424 23.680214 -2.030338
226.276304 23.477204 -2.029876
228.613886 23.274239 -2.029412
230.931174 23.071321 -2.028946
233.228172 22.868450 -2.028479
97.033190 32.166166 0.000000
100.249158 32.146967 -0.371946
103.461465 32.094056 -0.676441
106.667057 32.013546 -0.925697
109.863431 31.910445 -1.129713
113.048541 31.788855 -1.296678
116.220711 31.652135 -1.433300
119.378571 31.503035 -1.545072
122.520997 31.343808 -1.636493
125.647073 31.176299 -1.711248
128.756048 31.002020 -1.772354
131.847310 30.822206 -1.822283
134.920357 30.637872 -1.863059
137.974780 30.449847 -1.896339
141.010245 30.258812 -1.923482
144.026480 30.065321 -1.945598
147.023263 29.869831 -1.963599
150.000412 29.672715 -1.978230
152.957781 29.474278 -1.990103
155.895252 29.274771 -1.999716
158.812727 29.074397 -2.007481
161.710128 28.873325 -2.013733
164.587393 28.671692 -2.018746
167.444472 28.469611 -2.022745
170.281324 28.267172 -2.025914
173.097917 28.064451 -2.028406
175.894227 27.861509 -2.030342
178.670233 27.658397 -2.031825
181.425922 27.455157 -2.032937
184.161282 27.251820 -2.033747
186.876304 27.048416 -2.034309
189.570984 26.844965 -2.034669
192.245317 26.641487 -2.034865
194.899301 26.437997 -2.034928
197.532936 26.234505 -2.034881
200.146223 26.031023 -2.034746
202.739162 25.827558 -2.034540
205.311756 25.624117 -2.034276
207.864007 25.420705 -2.033965
210.395918 25.217325 -2.033617
212.907493 25.013982 -2.033239
215.398736 24.810678 -2.032837
217.869651 24.607415 -2.032417
220.320241 24.404195 -2.031982
222.750512 24.201019 -2.031536
225.160467 23.997888 -2.031082
227.550111 23.794803 -2.030622
229.919449 23.591764 -2.030158
232.268486 23.388771 -2.029691
234.597225 23.185826 -2.029223
236.905673 22.982927 -2.028754
108.343873 32.057168 0.000000
111.548941 32.037973 -0.371882
114.750349 31.985070 -0.676326
117.945043 31.904574 -0.925539
121.130521 31.801491 -1.129520
124.304737 31.679921 -1.296458
127.466015 31.543224 -1.433057
130.612984 31.394149 -1.544811
133.744523 31.234950 -1.636218
136.859715 31.067469 -1.710961
139.957809 30.893218 -1.772058
143.038192 30.713435 -1.821980
146.100363 30.529132 -1.862750
149.143914 30.341138 -1.896026
152.168510 30.150134 -1.923166
155.173878 29.956675 -1.945280
158.159798 29.761217 -1.963280
161.126087 29.564133 -1.977910
164.072600 29.365728 -1.989783
166.999217 29.166252 -1.999397
169.905842 28.965911 -2.007162
172.792396 28.764871 -2.013415
175.658817 28.563270 -2.018429
178.505055 28.361219 -2.022429
181.331069 28.158812 -2.025600
184.136828 27.956122 -2.028093
186.922307 27.753212 -2.030032
189.687485 27.550131 -2.031516
192.432349 27.346921 -2.032631
195.156887 27.143615 -2.033442
197.861090 26.940241 -2.034006
200.544954 26.736821 -2.034369
203.208474 26.533373 -2.034567
205.851648 26.329912 -2.034632
208.474476 26.126450 -2.034587
211.076959 25.922997 -2.034455
213.659096 25.719561 -2.034251
216.220892 25.516149 -2.033989
218.762348 25.312765 -2.033680
221.283466 25.109414 -2.033334
223.784252 24.906099 -2.032958
226.264708 24.702823 -2.032559
228.724838 24.499588 -2.032141
231.164647 24.296395 -2.031708
233.584139 24.093247 -2.031265
235.983318 23.890143 -2.030813
238.362189 23.687084 -2.030355
240.720757 23.484072 -2.029893
243.059025 23.281105 -2.029428
245.377000 23.078186 -2.028962
247.674684 22.875313 -2.028496
97.608917 32.113564 0.000000
100.819624 32.094368 -0.371915
104.026672 32.041460 -0.676386
107.227004 31.960957 -0.925621
110.418120 31.857865 -1.129620
113.597973 31.736285 -1.296571
116.764887 31.599576 -1.433182
119.917490 31.450488 -1.544946
123.054663 31.291274 -1.636360
126.175486 31.123779 -1.711109
129.279210 30.949513 -1.772211
132.365222 30.769714 -1.822137
135.433021 30.585395 -1.862910
138.482197 30.397385 -1.896188
141.512416 30.206365 -1.923329
144.523407 30.012889 -1.945444
147.514947 29.817415 -1.963445
150.486856 29.620314 -1.978076
153.438986 29.421893 -1.989948
156.371219 29.222401 -1.999562
159.283457 29.022043 -2.007327
162.175624 28.820986 -2.013579
165.047656 28.619369 -2.018592
167.899503 28.417302 -2.022592
170.731125 28.214878 -2.025763
173.542489 28.012173 -2.028255
176.333572 27.809246 -2.030192
179.104353 27.606149 -2.031676
181.854818 27.402923 -2.032789
184.584955 27.199602 -2.033599
187.294756 26.996212 -2.034163
189.984216 26.792776 -2.034524
192.653331 26.589312 -2.034721
195.302099 26.385836 -2.034785
197.930519 26.182359 -2.034739
200.538591 25.978891 -2.034606
203.126318 25.775440 -2.034400
205.693700 25.572013 -2.034137
208.240742 25.368614 -2.033827
210.767445 25.165249 -2.033480
213.273813 24.961919 -2.033103
215.759850 24.758629 -2.032703
218.225560 24.555379 -2.032284
220.670948 24.352173 -2.031850
223.096017 24.149010 -2.031405
225.500772 23.945892 -2.030952
227.885217 23.742819 -2.030493
230.249357 23.539793 -2.030030
232.593197 23.336813 -2.029564
234.916742 23.133880 -2.029097
237.219995 22.930994 -2.028629
100.615951 32.155833 0.000000
103.830885 32.136635 -0.371940
107.042159 32.083725 -0.676430
110.246718 32.003216 -0.925682
113.442060 31.900117 -1.129694
116.626137 31.778529 -1.296657
119.797275 31.641811 -1.433277
122.954102 31.492713 -1.545047
126.095496 31.333489 -1.636467
129.220540 31.165983 -1.711221
132.328484 30.991706 -1.772326
135.418715 30.811895 -1.822254
138.490731 30.627564 -1.863030
141.544123 30.439543 -1.896310
144.578558 30.248510 -1.923452
147.593763 30.055022 -1.945568
150.589515 29.859535 -1.963569
153.565635 29.662422 -1.978200
156.521976 29.463988 -1.990072
159.458417 29.264484 -1.999686
162.374864 29.064114 -2.007451
165.271237 28.863045 -2.013703
168.147474 28.661415 -2.018715
171.003525 28.459336 -2.022715
173.839350 28.256900 -2.025884
176.654916 28.054182 -2.028376
179.450199 27.851243 -2.030313
182.225179 27.648135 -2.031796
184.979842 27.444897 -2.032908
187.714176 27.241563 -2.033718
190.428172 27.038161 -2.034280
193.121827 26.834714 -2.034641
195.795135 26.631239 -2.034837
198.448094 26.427751 -2.034900
201.080705 26.224263 -2.034853
203.692968 26.020783 -2.034719
206.284883 25.817321 -2.034513
208.856453 25.613883 -2.034249
211.407681 25.410473 -2.033938
213.938569 25.207096 -2.033590
216.449121 25.003756 -2.033212
218.939342 24.800455 -2.032811
221.409234 24.597194 -2.032391
223.858802 24.393977 -2.031956
226.288051 24.190803 -2.031511
228.696985 23.987675 -2.031057
231.085608 23.784592 -2.030597
233.453925 23.581556 -2.030133
235.801941 23.378566 -2.029666
238.129660 23.175622 -2.029198
240.437087 22.972726 -2.028729
101.376473 32.093878 0.000000
104.585212 32.074682 -0.371904
107.790291 32.021776 -0.676365
110.988655 31.941275 -0.925592
114.177803 31.838186 -1.129585
117.355688 31.716610 -1.296532
120.520635 31.579905 -1.433139
123.671272 31.430822 -1.544899
126.806477 31.271613 -1.636310
129.925335 31.104123 -1.711058
133.027094 30.929863 -1.772158
136.111141 30.750069 -1.822082
139.176975 30.565755 -1.862854
142.224188 30.377751 -1.896132
145.252444 30.186736 -1.923272
148.261472 29.993267 -1.945387
151.251050 29.797798 -1.963387
154.220998 29.600703 -1.978018
157.171167 29.402287 -1.989890
160.101439 29.202801 -1.999504
163.011718 29.002449 -2.007270
165.901926 28.801398 -2.013522
168.771999 28.599786 -2.018535
171.621888 28.397726 -2.022535
174.451553 28.195307 -2.025706
177.260961 27.992607 -2.028198
180.050087 27.789686 -2.030136
182.818913 27.586595 -2.031620
185.567422 27.383375 -2.032734
188.295605 27.180059 -2.033544
191.003452 26.976674 -2.034108
193.690958 26.773244 -2.034470
196.358120 26.569786 -2.034668
199.004936 26.366315 -2.034731
201.631404 26.162843 -2.034686
204.237525 25.959380 -2.034553
206.823301 25.755935 -2.034348
209.388733 25.552513 -2.034085
211.933824 25.349119 -2.033776
214.458578 25.145759 -2.033429
216.962998 24.942434 -2.033053
219.447087 24.739149 -2.032653
221.910849 24.535905 -2.032234
224.354289 24.332703 -2.031801
226.777412 24.129545 -2.031356
229.180220 23.926432 -2.030904
231.562720 23.723364 -2.030445
233.924915 23.520343 -2.029982
236.266810 23.317368 -2.029517
238.588410 23.114439 -2.029050
240.889720 22.911558 -2.028583
