4
2
2
25
25
ReLU
ReLU
Affine
-0.6532174348831177
0.5634787678718567
0.11143174022436142
0.4374527931213379
0.0703294426202774
-0.13916529715061188
-0.2747124135494232
-0.304532527923584
-0.374455064535141
1.2329163551330566
-0.8157318234443665
-0.8016060590744019
-0.06326001137495041
-0.08244971185922623
1.210093379020691
0.21058306097984314
-2.0728256702423096
-0.04141196236014366
0.455855131149292
0.8137444257736206
-0.1361066848039627
-1.2757023572921753
-0.7240845561027527
0.38145551085472107
-0.004780030343681574
-1.4512430429458618
0.44155076146125793
-0.4369637668132782
-0.1512780636548996
0.5503941178321838
0.9564083218574524
0.7872145771980286
0.1376008689403534
0.3490782380104065
0.11128465831279755
0.004962371662259102
0.8141354918479919
-0.2788871228694916
0.3984851837158203
-0.09826729446649551
0.758058488368988
-1.5629699230194092
0.10995946824550629
0.1183483898639679
-0.11808426678180695
-0.4720560610294342
-0.6769992709159851
-0.04121989756822586
0.11930885165929794
-0.3656907081604004
-1.2287747859954834
0.9445263743400574
-0.2435646653175354
0.10124590992927551
-0.13559798896312714
0.8669907450675964
0.12439443171024323
0.34557875990867615
-0.2208111733198166
-0.3635217547416687
-0.17207083106040955
-0.45276984572410583
0.1707209050655365
-0.014083257876336575
-0.5536017417907715
0.8594584465026855
-0.3374241292476654
0.1612512320280075
0.2475414127111435
-1.3133373260498047
0.20474033057689667
-0.20941245555877686
-0.34171751141548157
-0.78300541639328
-0.004127988591790199
0.09495363384485245
-0.5204446911811829
0.03384975716471672
0.010212504304945469
-0.3161134421825409
0.2160046100616455
-2.714157819747925
-0.48747870326042175
-0.16733427345752716
0.13549301028251648
0.363264799118042
-0.14623777568340302
0.5130703449249268
-0.34693416953086853
0.19501355290412903
-0.3863299787044525
0.40641748905181885
-0.10366702079772949
1.3222029209136963
-3.3760831356048584
-0.787959098815918
-0.612017810344696
-0.786090075969696
-0.4047234058380127
-0.12817071378231049
-0.36847689747810364
0.09990985691547394
-0.08277469128370285
0.13027824461460114
-0.9803716540336609
-1.8068122863769531
0.40541401505470276
-0.06432433426380157
-0.4233802556991577
0.5781909227371216
-0.26880648732185364
0.1561785787343979
-0.7018036842346191
0.5605852007865906
0.002854476450011134
1.9440895318984985
-1.868765950202942
0.3247319757938385
-0.30235233902931213
0.18374572694301605
1.2032880783081055
0.442375123500824
0.13064613938331604
0.11360188573598862
-0.6240081191062927
-0.10257851332426071
-0.24838320910930634
-1.1940754652023315
0.3220285177230835
-0.05486517399549484
-0.9265252351760864
0.8626328706741333
-0.34521719813346863
0.3747255504131317
0.1831236034631729
-0.2819564640522003
0.46490970253944397
-0.057917844504117966
-0.5163944363594055
-0.37230998277664185
-0.08184071630239487
-0.5952496528625488
0.46964576840400696
-2.3450355529785156
0.08799692243337631
0.0816124752163887
0.7000515460968018
-0.5781183242797852
-0.1859196424484253
0.08441102504730225
1.5199980735778809
0.1191321313381195
-0.3037220239639282
-0.3850102126598358
0.003989844582974911
0.18770678341388702
-0.31573382019996643
-0.0011040308745577931
-0.2791841924190521
-0.15205112099647522
-0.3662206530570984
-0.3447764217853546
0.012378125451505184
-0.01444318424910307
0.22476676106452942
0.023081330582499504
-0.2837100327014923
0.12536533176898956
-0.2768274247646332
0.11467095464468002
0.175334170460701
0.07331728935241699
-0.0627383142709732
-0.509564220905304
-0.37020742893218994
0.0915348008275032
-0.3013823926448822
0.13344502449035645
-1.0269495248794556
-0.607963502407074
-0.48779284954071045
-0.09039708226919174
0.3246329724788666
-0.18558700382709503
-0.4968443214893341
-0.09698274731636047
-0.4819108545780182
-0.14444799721240997
-0.14695200324058533
0.0057463692501187325
-0.6052947640419006
-1.9204893112182617
-0.0022767456248402596
-0.00665341317653656
-0.17871244251728058
-0.6023193597793579
-1.026748538017273
-0.6473247408866882
-0.28146305680274963
-0.5865703821182251
-0.23959234356880188
-0.48865190148353577
0.29733607172966003
0.01873696781694889
0.44423335790634155
0.8209819793701172
-1.1792211532592773
0.4935334622859955
0.249236598610878
-2.3885979652404785
-0.7064335346221924
0.8525319695472717
0.905420184135437
0.09119068831205368
-1.8234214782714844
0.12006546556949615
-2.2034640312194824
0.18376536667346954
-0.5846636891365051
0.7352068424224854
-2.944655656814575
-0.10003413259983063
0.3191027045249939
-0.2539805471897125
-0.11769179254770279
-0.27998363971710205
1.0442918539047241
-0.06583843380212784
0.15225890278816223
-0.09428749978542328
-0.136088564991951
-0.08970415592193604
-0.5223358869552612
-0.12375560402870178
0.039364319294691086
-0.2326074242591858
-0.15374043583869934
0.015908606350421906
-0.05065680667757988
-0.16493825614452362
-0.2655433118343353
-0.0615752637386322
-0.06600296497344971
-0.008068116381764412
-0.16622082889080048
0.0006865774048492312
-0.06296801567077637
0.39606139063835144
0.16922806203365326
0.17000792920589447
-0.4018426239490509
-0.21566921472549438
-0.017158174887299538
-0.010374249890446663
-0.12107426673173904
1.5069199800491333
0.21002042293548584
1.6601836681365967
-0.795812726020813
-0.14218097925186157
-0.33675694465637207
-0.866732120513916
-0.61859130859375
-2.5482590198516846
-0.8317363262176514
-5.346710205078125
0.3982014060020447
-0.04646861180663109
-0.11517824232578278
-0.8371879458427429
-0.2567952275276184
-2.0046889781951904
0.7161187529563904
-0.19095665216445923
0.9741960167884827
0.9507380127906799
-0.9281077980995178
0.6888166069984436
-2.3925304412841797
-0.7106385231018066
0.2995159327983856
-0.2241470217704773
0.3614443838596344
-0.6114205121994019
1.102240800857544
-0.6231739521026611
0.39585641026496887
-0.12116070091724396
-0.13050007820129395
0.6769317388534546
0.2751934826374054
0.014327533543109894
-0.14648911356925964
0.12093695998191833
-0.32695069909095764
-0.46181103587150574
0.22182835638523102
0.49116313457489014
-0.1832973062992096
-2.565420389175415
0.46022096276283264
-0.6897344589233398
0.22690115869045258
0.9030054211616516
-4.5212788581848145
-0.7887107133865356
1.2542611360549927
-0.13071668148040771
0.31099653244018555
-1.653756856918335
0.42190021276474
-0.10171199589967728
-0.4490417540073395
0.22040067613124847
-1.4422463178634644
0.28832197189331055
-0.2641408145427704
-1.0783873796463013
0.013437152840197086
-0.33907049894332886
0.12853407859802246
-0.3053759038448334
0.18387775123119354
0.04150310158729553
0.2761445939540863
-0.7106815576553345
0.9808031916618347
0.10122409462928772
0.2840195894241333
-0.30886656045913696
0.45367342233657837
0.022762199863791466
1.1147222518920898
0.44243037700653076
-3.1408493518829346
-1.0079185962677002
-1.6403522491455078
-0.5719568133354187
0.7097705602645874
-0.04364056885242462
0.35541999340057373
-0.45213592052459717
0.018580731004476547
-0.3020312488079071
-0.16894637048244476
-0.3515649735927582
-0.3018512725830078
-1.3675785064697266
-0.13431842625141144
-1.5366936922073364
-0.4321978986263275
-1.170648217201233
-1.0582973957061768
0.1580529808998108
-0.4424816370010376
0.3216605484485626
-1.388396143913269
-0.515850305557251
1.5295900106430054
-0.0604182705283165
-0.8276803493499756
0.14040333032608032
-0.3537921905517578
-0.7381293177604675
0.3059568405151367
-0.23917900025844574
0.012842249125242233
-0.03455229476094246
-0.05976799130439758
-0.02289489097893238
-0.3390781283378601
0.3099091053009033
-0.30570733547210693
-0.6010498404502869
-0.44385913014411926
0.47264450788497925
-0.1464933454990387
-0.18888536095619202
0.0718921422958374
-0.04779680445790291
-0.44592443108558655
-0.022127879783511162
-0.2986800968647003
-0.6375741958618164
-0.2010645568370819
-0.1446508765220642
-0.45744603872299194
0.9866392016410828
0.054602544754743576
-0.5443722009658813
1.1796345710754395
-0.6914184093475342
0.4439965486526489
0.20395465195178986
0.535028338432312
0.5966487526893616
0.9576189517974854
-0.09327547252178192
-0.787889838218689
-0.08196530491113663
0.019908571615815163
1.1340116262435913
-0.32030370831489563
-0.26037514209747314
-0.13280625641345978
0.26936501264572144
0.2609533667564392
0.5353754162788391
-0.6786379814147949
-0.3686501383781433
-0.9748685359954834
-0.8572696447372437
0.0496581494808197
1.066886305809021
1.0766832828521729
-2.2811453342437744
-0.8098652362823486
0.6922363042831421
0.12432832270860672
-0.0518479198217392
0.382435142993927
-1.2604299783706665
-1.7728017568588257
-0.10069567710161209
-0.4999534785747528
-3.482638359069824
0.07200782001018524
-0.9643256068229675
-0.45719924569129944
-1.36092209815979
-0.4706994593143463
-0.2443845272064209
-3.2539145946502686
-0.3929876685142517
-0.3330375850200653
-2.3693273067474365
0.37101003527641296
-0.21886669099330902
0.12422138452529907
0.6563147306442261
-0.06789552420377731
-1.5135231018066406
0.19747625291347504
-0.15295465290546417
-0.07982048392295837
-0.18454237282276154
0.06807254254817963
0.0019422429613769054
0.5091843008995056
0.4640617072582245
-0.6740303039550781
0.7072534561157227
-0.27030548453330994
0.6165580153465271
0.12395428121089935
-2.602186918258667
0.3931508958339691
-0.0587645024061203
-0.224540576338768
0.4130495488643646
0.2635681629180908
0.2187640517950058
0.49842700362205505
0.3435276746749878
-0.6920395493507385
-1.0131679773330688
1.1608790159225464
-0.15295805037021637
0.1957235485315323
0.3187069296836853
-0.09880006313323975
0.41668593883514404
0.21244625747203827
0.3312634527683258
-0.039537589997053146
0.019123852252960205
-0.02892778068780899
-0.11736107617616653
-0.10957090556621552
-4.022209167480469
0.16098453104496002
-1.972709059715271
-0.7289733290672302
-0.3008802533149719
0.2079727053642273
-0.6468045711517334
-0.26514071226119995
-0.1374504268169403
1.3235478401184082
0.20931854844093323
-1.048048496246338
-1.1259409189224243
0.17715387046337128
-0.3788285553455353
0.24644167721271515
0.5731330513954163
0.483866423368454
0.2119567096233368
-0.3884519636631012
0.16812849044799805
0.12520456314086914
0.23653189837932587
-0.5648900866508484
-0.43061432242393494
0.015300036408007145
0.01580139249563217
0.09410552680492401
-3.1029396057128906
0.4056847393512726
-0.10210110992193222
-0.2743486166000366
0.42305198311805725
-0.06985345482826233
0.16884297132492065
1.4399244785308838
-0.3047313988208771
0.2106524407863617
0.011900374665856361
0.3413045406341553
0.10152781009674072
-0.08742965012788773
-0.3313294053077698
0.4665590226650238
-0.7821308374404907
0.2548229396343231
0.24082456529140472
-0.4095369279384613
0.4267120659351349
-0.30211779475212097
0.5406786799430847
0.18824756145477295
0.7667725682258606
0.02483496442437172
1.242354154586792
1.1877682209014893
-0.20882149040699005
-0.2450413703918457
0.25614020228385925
0.3020990490913391
-0.045242343097925186
0.5042404532432556
-0.5003693699836731
0.23183134198188782
-0.8172103762626648
-0.44235724210739136
-0.2961593568325043
0.18930202722549438
0.19506709277629852
0.47877174615859985
0.8362593650817871
-0.184065043926239
0.12554433941841125
-0.4751133918762207
-0.10944949835538864
-0.19676263630390167
-0.2879980206489563
0.1465453952550888
0.18152424693107605
0.004339064937084913
-1.8494904041290283
-0.28260233998298645
-0.23544351756572723
0.913233757019043
0.45166370272636414
-1.0289127826690674
-0.17244938015937805
1.1558630466461182
-0.2832651734352112
0.4769091010093689
0.07065118104219437
-0.13696900010108948
-1.620725393295288
-2.3755555152893066
0.08533161878585815
-2.0594847202301025
-0.13327689468860626
-0.16982083022594452
-3.0607218742370605
-0.07632225006818771
0.20134122669696808
0.05374915525317192
-0.27504974603652954
0.1138104572892189
-0.037238821387290955
0.11219954490661621
-0.7060251832008362
-0.41311562061309814
0.16815903782844543
-0.5021937489509583
-1.2601890563964844
-0.10327406972646713
-0.04227016121149063
0.70908522605896
-0.4104931354522705
0.15426531434059143
0.00031669955933466554
-0.7194157242774963
0.25287196040153503
0.20222492516040802
0.015431124716997147
-0.7609437108039856
1.0392674207687378
-0.42290017008781433
-0.2152746468782425
0.4829941689968109
-0.3453102111816406
-1.4272791147232056
-0.37651851773262024
-0.42723917961120605
-0.004749177955091
0.7010335326194763
-2.0856471061706543
0.12042973935604095
-0.10700003057718277
0.6925743818283081
-0.18981526792049408
0.3274373412132263
0.06271238625049591
1.0783089399337769
-0.24657446146011353
-0.5170238614082336
-0.27770861983299255
-0.29991379380226135
-0.07706733047962189
-0.2942197620868683
-0.08719886839389801
-0.02486623078584671
-0.22747711837291718
-0.13818319141864777
-0.4050391912460327
-0.4588373899459839
0.11483010649681091
-0.335700660943985
-0.22799280285835266
0.20091861486434937
-0.05980585888028145
-0.3436509370803833
-0.16645321249961853
-0.02094019204378128
-0.11955584585666656
0.029925087466835976
-0.1674947738647461
-0.665199875831604
-0.2528098523616791
-0.2162381261587143
-1.6242377758026123
-0.018397239968180656
0.5961256623268127
0.01490030623972416
-0.8038223385810852
-0.4012463688850403
0.9109916687011719
0.613847553730011
-1.205481767654419
0.08329647779464722
-3.0566413402557373
0.31239163875579834
0.3665548861026764
-1.1863065958023071
-0.32098957896232605
0.04751971364021301
-0.6298820376396179
0.09900899976491928
-0.7364816069602966
-0.5905905365943909
-0.5597288012504578
-0.4383886158466339
1.320101022720337
-4.234432220458984
-6.3578925132751465
0.7925704121589661
0.07545147836208344
-0.10929176211357117
0.01518486998975277
-0.19422096014022827
0.13894926011562347
-0.1623978614807129
0.004006172996014357
-0.04128444567322731
-0.25825071334838867
0.21767090260982513
-0.4560855031013489
-0.4161786735057831
0.2326793372631073
-0.04028370976448059
-0.4990837872028351
-0.3228108286857605
-0.08444279432296753
-0.4035002887248993
-0.29309529066085815
0.06335148215293884
-0.35126686096191406
-0.15158316493034363
-0.4306919574737549
-0.49163469672203064
-0.4886707663536072
-0.5345363616943359
0.3973141312599182
-0.5415809750556946
0.7343564629554749
0.7726494669914246
1.5225863456726074
-0.7983959913253784
-0.404072105884552
-4.125859260559082
0.3662753403186798
-0.42733606696128845
-0.4835142493247986
0.5385410785675049
-0.017111042514443398
1.0198032855987549
-0.13239140808582306
0.22648920118808746
0.4951428771018982
1.0931185483932495
-1.152272343635559
0.26544317603111267
-0.1714259535074234
0.2393832802772522
-1.2593789100646973
-0.06842277199029922
-0.24546852707862854
-0.2661433219909668
-1.4303808212280273
0.7607485055923462
-0.23817875981330872
1.016719937324524
0.20674534142017365
-1.187410593032837
0.20271573960781097
-0.5233823657035828
-0.1474667489528656
-0.108017697930336
0.21426180005073547
-0.27463290095329285
0.04986094310879707
-0.5269206762313843
-1.0703412294387817
-0.09159696102142334
-2.8051438331604004
-0.551441490650177
-1.6957896947860718
-0.9432215690612793
-0.2446843385696411
-3.218139886856079
-0.4719729721546173
-0.20468422770500183
-0.3314516246318817
1.452612280845642
0.07028993219137192
-0.6558611392974854
0.03391445800662041
0.7213436365127563
0.002400866476818919
0.9363929629325867
-1.039444088935852
0.23261214792728424
0.13434791564941406
-0.21882297098636627
-0.02579263225197792
-1.2981290817260742
-0.1660495400428772
-0.7178785800933838
-0.9002470970153809
0.1981261670589447
-1.1785917282104492
-0.021021923050284386
-2.971728801727295
0.21008001267910004
-0.19900141656398773
0.5410257577896118
0.49366164207458496
-2.2012226581573486
-0.6424996852874756
-0.46211349964141846
-0.4829258620738983
0.06047111004590988
0.023644689470529556
0.38087648153305054
-0.32110506296157837
-0.4793081283569336
0.31789109110832214
-0.30591827630996704
-0.11011277884244919
0.11668522655963898
-0.0901632085442543
2.274005889892578
0.04796208068728447
-0.3459118902683258
-0.2515321671962738
0.31471097469329834
0.4786287844181061
0.008856488391757011
-0.18143534660339355
-0.3690609037876129
1.2282403707504272
0.007662698160856962
0.22090879082679749
0.47156861424446106
0.7672547101974487
-1.058540940284729
-0.15094295144081116
-0.03530626371502876
0.01538796629756689
0.27162107825279236
-0.2705196440219879
-0.5808500647544861
0.28679054975509644
-0.030195318162441254
-0.5260993242263794
-0.21955269575119019
-0.3457828164100647
1.0616333484649658
0.242625430226326
-0.2363949865102768
-0.687317967414856
0.17131249606609344
-0.17235016822814941
0.4981229305267334
0.3764856457710266
0.2872295379638672
1.1454776525497437
0.17160984873771667
0.32568123936653137
0.11248115450143814
0.14659054577350616
-1.3380528688430786
0
1
