4
2
2
25
25
ReLU
ReLU
Affine
-0.34313568472862244
0.17608699202537537
-0.3202054798603058
0.2776338756084442
0.09754082560539246
-0.07520098239183426
0.13271580636501312
0.020949436351656914
0.6998401880264282
-0.016560761258006096
0.16025689244270325
0.46490171551704407
0.01966540701687336
0.3318784832954407
0.09880977123975754
-0.3623853623867035
-0.06820137053728104
-0.6577146053314209
-0.00894914660602808
0.06605494767427444
-0.3923083543777466
0.3211730718612671
0.3014090061187744
-0.06219477206468582
0.052027907222509384
-0.1942903846502304
-0.4592893421649933
-0.35780996084213257
-0.14636477828025818
-0.09993423521518707
-0.8554772734642029
0.0877767950296402
-0.1330672949552536
0.009789069183170795
-0.01834300346672535
0.01552001852542162
-0.2012733370065689
-0.16799737513065338
-0.048275358974933624
0.09175115823745728
-0.36456385254859924
0.42667511105537415
-0.597212553024292
0.6410565972328186
0.08019755035638809
0.33869993686676025
0.030719537287950516
-0.1142972856760025
0.019923917949199677
-0.08954666554927826
-0.3113972842693329
0.5385631322860718
-0.06436991691589355
-0.24278268218040466
-0.12360012531280518
-0.4587155878543854
-0.046487901359796524
-0.4398963749408722
-0.20005564391613007
0.14692847430706024
-0.3181009590625763
0.18750092387199402
0.5234541893005371
-0.41328731179237366
-0.05878385156393051
0.3110767602920532
-0.42146971821784973
0.37144336104393005
-0.5138616561889648
-0.0036797155626118183
0.18803685903549194
0.2793748676776886
0.5455437302589417
0.09849895536899567
-0.08790529519319534
0.37332484126091003
0.12849964201450348
0.4075194001197815
-0.12705637514591217
-0.0016088144620880485
-0.03249577432870865
-0.26784253120422363
0.2460731714963913
-0.6242376565933228
0.13250325620174408
-0.7270157933235168
-0.37827831506729126
-0.6447145938873291
-0.3356732130050659
0.018479259684681892
-0.38239288330078125
-0.507893979549408
-0.0644284039735794
-0.40373075008392334
-0.013314410112798214
0.4748570919036865
-0.5020943284034729
-0.255949467420578
-0.10999001562595367
-0.10539742559194565
0.7083682417869568
-0.09000693261623383
0.4637044370174408
0.1259237825870514
0.14036834239959717
0.23127351701259613
-0.16520793735980988
0.7080661654472351
0.26932403445243835
-0.02041502669453621
0.2767859697341919
-0.01714782975614071
0.06703940778970718
-0.17247894406318665
-0.0218806192278862
-0.5773310661315918
0.42936110496520996
-0.031451184302568436
0.11691801995038986
0.12500299513339996
-0.004628893919289112
-0.2526342272758484
0.5490279197692871
0.04384385049343109
0.05550190806388855
-0.13989678025245667
0.08530017733573914
-0.07580374926328659
-0.17946775257587433
-0.09165981411933899
-0.12941107153892517
-0.19953827559947968
-0.32842424511909485
-0.007894343696534634
-0.30382001399993896
0.21000702679157257
-0.34611526131629944
-0.2553117871284485
0.13489225506782532
-0.30185702443122864
-0.24896962940692902
-0.012594074010848999
0.2693827748298645
-0.3439604341983795
0.3003992736339569
-0.32719171047210693
-0.3161103129386902
0.20131903886795044
-0.17141678929328918
0.1794205904006958
-0.019672151654958725
0.10414060205221176
0.36268162727355957
-0.2201545089483261
0.3161035478115082
0.06276679784059525
0.22757507860660553
0.2632133960723877
0.19337671995162964
0.15283899009227753
0.35955363512039185
0.2957979142665863
0.25841593742370605
0.06965146213769913
0.3288973867893219
0.2431260198354721
0.14917276799678802
-0.061795059591531754
0.3458910286426544
-0.009949556551873684
0.3547738492488861
0.022852059453725815
0.2950865924358368
-0.33228379487991333
-0.18958260118961334
0.22840000689029694
0.035591837018728256
0.07707028836011887
0.2117786705493927
-0.12155874818563461
-0.20811885595321655
-0.33734723925590515
0.30677324533462524
0.02211776375770569
0.06580054014921188
0.19962042570114136
-0.21886056661605835
0.11039184033870697
-0.3345392942428589
0.022162076085805893
0.11627188324928284
-0.11831634491682053
-0.3493471145629883
-0.15682454407215118
-0.3417261242866516
0.03424954041838646
-0.157006174325943
0.08383172750473022
0.24910277128219604
0.22065187990665436
-0.06672665476799011
-0.20732253789901733
-0.02619931846857071
-0.26475292444229126
0.28247180581092834
-0.046561431139707565
0.12314137071371078
-0.10742179304361343
-0.2835933268070221
0.2717731297016144
0.07172417640686035
-0.31682664155960083
-0.13758417963981628
0.21133734285831451
0.07239561527967453
-0.279678612947464
-0.21968770027160645
0.2999313473701477
-0.13753581047058105
-0.3227570652961731
0.036276936531066895
0.2951261103153229
-0.22903583943843842
0.161031574010849
-0.2123814821243286
-0.1858215034008026
-0.13775032758712769
-0.11817126721143723
-0.04566735774278641
-0.41335269808769226
0.1175517737865448
0.006850057281553745
-0.019372962415218353
0.07633578777313232
-0.006713835522532463
0.12034568935632706
-0.21106261014938354
-0.2703811824321747
-0.13927868008613586
0.15655872225761414
0.09071128815412521
-0.21923501789569855
0.1979660540819168
0.21225635707378387
0.05599139258265495
0.08262348175048828
-0.34912383556365967
-0.09988957643508911
0.28732138872146606
0.08304677158594131
-0.16782422363758087
-0.007962864823639393
-0.35264840722084045
-0.20779474079608917
-0.07041525840759277
0.468622088432312
0.08381223678588867
-0.1143149808049202
0.2156035155057907
0.2036832869052887
0.2217622995376587
0.31660112738609314
0.2670842111110687
0.14120537042617798
-0.18333561718463898
0.3596395254135132
0.3140612840652466
-0.15900646150112152
0.1945362240076065
-0.07552911341190338
0.24594233930110931
0.3125249147415161
0.2318844348192215
-0.06400313973426819
-0.06551818549633026
-0.41181638836860657
-0.21833570301532745
0.09019839763641357
-0.21503524482250214
0.2508275806903839
0.07700645178556442
-0.0508652999997139
0.33948591351509094
0.176891028881073
0.25375479459762573
0.3047327399253845
-0.3359019458293915
0.3061189651489258
-0.11055516451597214
0.20814773440361023
0.0535995215177536
-0.047026872634887695
0.21325337886810303
0.03036854788661003
-0.4465840756893158
0.081619031727314
-0.10619041323661804
-0.31959232687950134
0.38091641664505005
-0.18907421827316284
0.22180978953838348
0.1158219575881958
-0.11083599179983139
-0.07111797481775284
0.5485920906066895
-0.30153483152389526
0.04780950769782066
-0.31602320075035095
0.23911818861961365
0.10271052271127701
0.24134932458400726
-0.1429627686738968
0.19907283782958984
0.1859976351261139
0.17523032426834106
-0.24827338755130768
0.08189889788627625
-0.2668927013874054
0.052462972700595856
-0.050366126000881195
0.664340078830719
-0.352263867855072
-0.2421914041042328
0.03191380202770233
0.24471400678157806
0.28361776471138
0.020954925566911697
0.5149286389350891
-0.20055276155471802
0.1107802465558052
-0.36778852343559265
-0.27637770771980286
0.055835697799921036
0.24488872289657593
-0.13432326912879944
0.1565522849559784
0.3988724648952484
-0.10352517664432526
0.12204547971487045
0.41195148229599
-0.05582345649600029
0.2580602765083313
-0.11520431190729141
0.0857367143034935
-0.17583289742469788
-0.3238159716129303
0.24357321858406067
0.4533799886703491
-0.29479750990867615
-0.1374337524175644
0.398884117603302
-0.2757304906845093
0.6653555631637573
-0.013587530702352524
0.2625448703765869
0.11326828598976135
0.1520945429801941
-0.12127569317817688
-0.027968861162662506
0.2210908681154251
-0.23328138887882233
0.061330877244472504
-0.02472773753106594
-0.26756399869918823
0.10909588634967804
0.22177860140800476
-0.07795465737581253
-0.15173645317554474
-0.2300340235233307
-0.2854439914226532
-0.3080803453922272
0.1353941112756729
0.08525554835796356
0.07668516784906387
-0.1967705935239792
0.02497529238462448
0.09001337736845016
0.016798019409179688
-0.30187422037124634
0.2372788041830063
-0.024838745594024658
-0.17275436222553253
0.1024768203496933
-0.09233365952968597
-0.06504130363464355
-0.07267115265130997
0.09345158189535141
0.0986248031258583
0.2412664145231247
0.42726361751556396
-0.028805216774344444
0.13040083646774292
0.12124788016080856
0.07381635904312134
0.26964071393013
-0.1002950668334961
-0.25074565410614014
-0.2525683045387268
-0.3137480318546295
0.2803974747657776
0.26851990818977356
-0.38187581300735474
0.019696079194545746
-0.41232192516326904
0.3593684136867523
0.45844167470932007
0.3199067711830139
0.32156744599342346
0.09309028834104538
0.28925788402557373
0.06394679844379425
-0.07197462767362595
-0.34943339228630066
0.07236082851886749
0.19065964221954346
-0.03454563021659851
0.4123421013355255
0.01988263428211212
0.23982249200344086
0.038613609969615936
-0.22366619110107422
0.14018936455249786
0.4380844533443451
0.4192033112049103
0.24421261250972748
0.2936735451221466
-0.36082059144973755
-0.011644710786640644
-0.21646545827388763
0.18967919051647186
0.06460335850715637
-0.12902970612049103
-0.3166465163230896
-0.26997271180152893
-0.05306878685951233
0.1796421855688095
0.03840284422039986
0.12286277860403061
0.07585163414478302
-0.28469955921173096
0.10228070616722107
-0.168222114443779
-0.20227232575416565
0.1812250167131424
-0.31381312012672424
-0.1459006667137146
-0.3263688385486603
-0.1463906317949295
-0.1052570715546608
0.22582188248634338
-0.02193671651184559
-0.3231408894062042
0.18335577845573425
-0.1233421117067337
-0.12624749541282654
0.2160560041666031
-0.009019714780151844
-0.08087906241416931
-0.027918124571442604
0.02491384744644165
0.10738980770111084
0.11623692512512207
-0.05675391107797623
-0.325153648853302
-0.30913370847702026
0.09554626792669296
-0.11864180862903595
-0.18048164248466492
0.05781269073486328
-0.34173014760017395
-0.1231359913945198
-0.1765347719192505
-0.1855117380619049
-0.024896135553717613
-0.013135595247149467
0.048772361129522324
-0.18011900782585144
-0.05447126924991608
-0.23262576758861542
0.008009769953787327
-0.2236364781856537
-0.3164956271648407
0.24380743503570557
0.18491558730602264
-0.32715868949890137
-0.23454606533050537
0.04466540366411209
-0.07683632522821426
-0.09036414325237274
-0.0991404578089714
0.2914711534976959
0.37401849031448364
-0.28912630677223206
0.2279638797044754
0.03861583396792412
0.18679316341876984
0.08817963302135468
-0.183450385928154
-0.1960527002811432
0.4052448272705078
-0.5315804481506348
0.08397523313760757
0.05408266559243202
0.3456699252128601
-0.02722214348614216
0.03307219222187996
0.037424564361572266
0.2684932351112366
-0.19753561913967133
0.8064015507698059
-0.2224564552307129
0.0804474949836731
-0.12964503467082977
0.08885706961154938
0.0954747125506401
0.16507162153720856
-0.12553095817565918
-0.27518513798713684
-0.05230392888188362
-0.013308603316545486
-0.3277188837528229
-0.26605409383773804
-0.21891556680202484
-0.005904827732592821
-0.11392904818058014
-0.27020394802093506
0.0907289981842041
-0.3319930136203766
0.260646790266037
0.1482836902141571
-0.17958950996398926
-0.14178988337516785
-0.1982564479112625
0.11478487402200699
0.2300972193479538
-0.29592615365982056
0.0871049091219902
-0.08352689445018768
0.2694299817085266
0.19546939432621002
-0.03947250545024872
-0.3970566391944885
-0.32862937450408936
0.26146644353866577
0.13659122586250305
-0.12644660472869873
0.34314748644828796
0.12279576808214188
0.03969917073845863
0.12854483723640442
-0.1706090122461319
0.4031434953212738
-0.5030277371406555
0.31335294246673584
0.5693601369857788
0.2342412769794464
0.36731812357902527
-0.008613417856395245
0.31635582447052
-0.4125843346118927
0.295390248298645
0.15634742379188538
0.3205519914627075
0.17687512934207916
-0.07873894274234772
-0.07607399672269821
0.065249003469944
0.1783037781715393
0.5057578086853027
-0.0021898953709751368
-0.02187405899167061
0.5404849052429199
0.2120995819568634
0.12010089308023453
-0.8906863927841187
0.25314223766326904
-0.18551935255527496
0.431759238243103
0.015152419917285442
0.3626827299594879
0.23598094284534454
-0.04722634702920914
-0.03222791478037834
-0.43737298250198364
-0.22216980159282684
0.22513791918754578
-0.09331056475639343
-0.4447118043899536
-0.07327740639448166
0.405278742313385
-0.08321511745452881
0.3058208227157593
-0.03588162362575531
-0.41634127497673035
0.20487624406814575
0.0934659093618393
-0.14701953530311584
0.2013106644153595
0.17010334134101868
0.10194171220064163
-0.23051771521568298
-0.16650578379631042
-0.03277115151286125
-0.5374162197113037
-0.3446947932243347
-0.22605213522911072
-0.26639536023139954
-0.03173797205090523
0.2654993236064911
0.13492131233215332
-0.11540009826421738
-0.18259091675281525
-0.23656430840492249
0.18638873100280762
-0.04249420017004013
-0.280482679605484
-0.15205080807209015
0.1992390900850296
-0.014332064427435398
0.6014587879180908
-0.9756079912185669
0.27349966764450073
0.4402795433998108
0.690198540687561
0.21074457466602325
-0.8500050902366638
-0.03056451492011547
0.3104766309261322
0.19396968185901642
0.08901376277208328
-0.4714066982269287
-0.30155783891677856
1.2001824378967285
0.027616867795586586
-0.15479902923107147
-0.8427199125289917
-0.46534278988838196
0.3868001401424408
-0.4017587900161743
0.14407040178775787
-0.2629219591617584
0.018693728372454643
0.3126184642314911
0.0018648980185389519
-0.03945457935333252
0.08348220586776733
0.2575967609882355
-0.1548258364200592
0.2549225091934204
-0.25399425625801086
0.2035565823316574
0.19562216103076935
-0.2853357791900635
-0.20354367792606354
-0.050137899816036224
-0.28904569149017334
-0.022862425073981285
0.27616146206855774
0.21015426516532898
0.29656821489334106
0.0011331186397001147
-0.017281459644436836
-0.21133552491664886
-0.19626910984516144
-0.12893611192703247
0.12196684628725052
-0.2646574079990387
0.21720649302005768
-0.07926730066537857
0.001358455279842019
-0.04917769506573677
0.17269234359264374
0.04853842779994011
0.3663749396800995
-0.07458698749542236
0.05466829985380173
0.043697819113731384
0.1978122740983963
-0.1086064875125885
0.20261842012405396
-0.1475037783384323
0.31681767106056213
-0.0825493112206459
-0.2971093952655792
0.007378230802714825
-0.2090339958667755
0.23996219038963318
-0.2921449542045593
0.4449337124824524
-0.565967857837677
0.5744724273681641
0.09196431189775467
0.2103368490934372
-0.15153323113918304
-0.007386826444417238
0.11432196199893951
0.033912770450115204
-0.1284475475549698
-0.1513666957616806
-0.25737667083740234
-0.11708761751651764
-0.06373913586139679
0.16646282374858856
0.31490999460220337
0.3494289815425873
0.21314261853694916
-0.03749749809503555
0.4255862832069397
0.0910600945353508
0.09550086408853531
0.3427264392375946
0.18100328743457794
0.18192771077156067
0.5130798816680908
-0.34563201665878296
0.5066832900047302
0.08079566061496735
-0.15891186892986298
-0.44428330659866333
0.24326211214065552
-0.11658775806427002
0.5326082110404968
0.01595575362443924
0.016946621239185333
0.28416094183921814
0.12605182826519012
0.2874923646450043
-0.24388423562049866
0.08075927197933197
-0.8771706223487854
-0.00763804093003273
0.21449735760688782
-0.3538094162940979
0.5036603808403015
-0.010043560527265072
0.37737157940864563
-0.32447895407676697
0.17998111248016357
0.31461480259895325
0.016545798629522324
-0.04981013387441635
-0.10622507333755493
-0.27180159091949463
-0.5131303071975708
-0.2092011272907257
-0.2829191982746124
0.2305106222629547
-0.5813907384872437
-0.04479820653796196
-0.09215140342712402
0.3337768018245697
-0.18189482390880585
-0.3154684007167816
-0.32322901487350464
-0.33429548144340515
0.2296673208475113
-0.038243893533945084
-0.1844942718744278
0.2857586145401001
-0.029721714556217194
-0.07052147388458252
0.2715044617652893
0.09047765284776688
0.25869613885879517
-0.28950342535972595
0.034279949963092804
-0.21225187182426453
0.05968835577368736
0.06324306130409241
0.1308552473783493
0.21734152734279633
0.28528082370758057
-0.14147940278053284
-0.08119454979896545
-0.05114893242716789
0.3257202208042145
0.3455291986465454
0.3790930211544037
-0.023780472576618195
0.41530314087867737
0.5375376343727112
0.20561547577381134
-0.15415458381175995
0.13422180712223053
-0.16311749815940857
-0.17648540437221527
0.12460979074239731
-0.37713804841041565
0.30123212933540344
-0.5548405647277832
-0.0013776664854958653
-0.3400648534297943
-0.018350165337324142
-0.3011893928050995
0.03981674090027809
0.17807278037071228
-0.02360711060464382
-0.06747372448444366
-0.26129916310310364
0.44117480516433716
-0.07319249957799911
-0.20917055010795593
0.3649080693721771
0.1187339648604393
-0.018535850569605827
0.4086901545524597
0.4179118871688843
-0.4545520842075348
0.5049213171005249
-0.32974353432655334
-0.4119594991207123
-0.247312530875206
0.15701580047607422
-0.2961060106754303
0.40444812178611755
-0.09036248177289963
-0.1068616509437561
-0.3857792615890503
0.4321799874305725
0.1157676950097084
-0.5533042550086975
-0.04458760842680931
-0.46963807940483093
0.16471697390079498
0.33468499779701233
-0.09867092967033386
-0.025033364072442055
0
1
