3
9
5
20
20
20
20
20
ReLU
ReLU
ReLU
ReLU
ReLU
Affine
-0.8890550136566162
0.16515399515628815
-0.13438700139522552
0.10961499810218811
2.49249005317688
0.2724139988422394
-0.10112400352954865
0.04728949815034866
0.0004965470288880169
-0.0012399399420246482
-0.01997469924390316
-0.011704700067639351
1.6252700090408325
-0.3353689908981323
0.06701789796352386
0.09401410073041916
0.6609200239181519
-0.26399800181388855
-0.18199199438095093
0.0558600015938282
0.653482973575592
-0.2738719880580902
-0.17248399555683136
0.07113610208034515
1.4733999967575073
-0.0999390035867691
-0.08463229984045029
-0.01469349954277277
0.7590019702911377
-0.11885900050401688
-0.17386800050735474
0.025101400911808014
-1.087939977645874
0.04219000041484833
-0.1475600004196167
0.07992800325155258
-1.3752599954605103
-0.16314299404621124
-0.1489740014076233
0.04187159985303879
0.5750759840011597
0.0025166398845613003
-0.1950169950723648
0.062271300703287125
-0.11051800101995468
0.22557400166988373
-0.25471898913383484
0.10472600162029266
1.0951100587844849
-0.21603700518608093
-0.15209299325942993
0.047947801649570465
0.63373202085495
-0.061511099338531494
-0.10061900317668915
0.025724299252033234
1.659909963607788
0.11088400334119797
-0.11936300247907639
0.021251099184155464
-0.807328999042511
-0.3887520134449005
-0.21132400631904602
-0.08995030075311661
0.9345179796218872
-0.06690769642591476
-0.056439001113176346
0.038228198885917664
1.3166099786758423
0.014097499661147594
-0.11352600157260895
-0.03915780037641525
1.3030099868774414
0.17192600667476654
-0.020509300753474236
0.13166099786758423
-1.1630200147628784
-0.15922099351882935
-0.20711399614810944
-0.018915800377726555
-0.010843800380825996
0.3196899890899658
-0.037159599363803864
0.2075359970331192
0.10906100273132324
0.07761289924383163
0.14444999396800995
0.0981374979019165
0.038787100464105606
0.15327799320220947
0.03689340129494667
0.023857200518250465
0.1063779965043068
0.09836290031671524
0.16109399497509003
0.2447730004787445
0.092951700091362
0.1646209955215454
0.05894190073013306
0.13781000673770905
-0.02157209999859333
-0.031186699867248535
0.13029800355434418
0.022880999371409416
0.1549839973449707
0.1578350067138672
0.1473580002784729
0.11113200336694717
0.10234799981117249
0.06973099708557129
0.1731799989938736
0.10341800004243851
-0.038609400391578674
0.15429699420928955
0.007343169767409563
0.09869159758090973
0.2250169962644577
0.10496500134468079
0.19380499422550201
0.10207200050354004
0.13179999589920044
0.009999520145356655
0.014745299704372883
0.26941099762916565
0.04180610179901123
0.1176460012793541
0.062227100133895874
0.15607400238513947
0.2371699959039688
0.14462800323963165
-0.017869900912046432
0.046367499977350235
0.15799300372600555
0.05880679935216904
0.1583700031042099
0.16278600692749023
0.2631160020828247
0.10399899631738663
0.1705150008201599
0.2524400055408478
0.12675200402736664
0.04751820117235184
-0.0181271992623806
-0.057998500764369965
0.2482459992170334
0.02790370024740696
0.16821099817752838
0.1377670019865036
0.11193600296974182
0.15299899876117706
0.1713380068540573
0.023211000487208366
0.11370699852705002
0.1385750025510788
0.02864300087094307
0.18239599466323853
0.14230799674987793
0.14840799570083618
0.15525899827480316
0.11405599862337112
0.2870829999446869
0.10152199864387512
0.056988198310136795
-0.00946773961186409
-0.34297099709510803
0.3314589858055115
-0.014922499656677246
0.45942598581314087
0.20952600240707397
0.15604400634765625
0.14693999290466309
0.0168163999915123
-0.35387200117111206
-0.37842199206352234
-0.06668929755687714
-0.2370309978723526
0.11918599903583527
-0.010997300036251545
0.2058420032262802
-0.13919000327587128
0.07545249909162521
0.21398599445819855
0.15844400227069855
-0.31658101081848145
0.09160859882831573
-0.07475019991397858
0.29674801230430603
0.02135149948298931
0.22269999980926514
0.13238400220870972
0.08925729990005493
0.22555600106716156
0.16016800701618195
-0.010432999581098557
0.06697840243577957
0.10602500289678574
-0.04280950129032135
0.21256700158119202
0.1223910003900528
0.22345499694347382
0.13763700425624847
0.1121470034122467
0.21586599946022034
0.12319599837064743
0.10943099856376648
-0.004299330059438944
0.010421300306916237
0.21746399998664856
-0.029415199533104897
0.19537599384784698
0.09145689755678177
0.12758299708366394
0.1802700012922287
0.10321900248527527
0.08116660267114639
0.16297200322151184
0.11261100322008133
-0.006583469919860363
0.19926099479198456
0.11270000040531158
0.0645252987742424
0.2457759976387024
0.21949799358844757
0.14373500645160675
0.15369200706481934
0.08247049897909164
0.01472460012882948
0.08932550251483917
0.18372799456119537
-0.0176961999386549
-0.006429079920053482
-0.4643000066280365
-0.5063509941101074
-0.6077100038528442
-0.197953000664711
0.12707799673080444
0.12004899978637695
-0.045106399804353714
0.10242699831724167
-0.5385670065879822
-0.0941476970911026
0.015295100398361683
-0.5157529711723328
-0.16859300434589386
-0.10366799682378769
0.07443050295114517
0.23704999685287476
0.05793580040335655
0.4049000144004822
-0.2607499957084656
0.022457100450992584
-0.31123799085617065
-0.16143299639225006
-0.21997299790382385
-0.24569499492645264
-0.13115300238132477
0.4033089876174927
0.4235199987888336
-0.0848011001944542
0.16977199912071228
-0.23728400468826294
-0.21577399969100952
-0.17929500341415405
0.33629798889160156
-0.30125001072883606
-0.3439059853553772
-0.22131000459194183
0.31356900930404663
0.02527010068297386
-0.026603100821375847
0.4347180128097534
0.013776400126516819
0.20401300489902496
-0.014242599718272686
0.005757340230047703
0.25359299778938293
0.1257610023021698
0.02897460013628006
-0.021134499460458755
0.1589049994945526
0.12444300204515457
0.1311890035867691
0.24717800319194794
0.3896160125732422
0.09070760011672974
0.14022700488567352
0.3838750123977661
0.25601598620414734
0.00970435980707407
-0.01802930049598217
-0.025225000455975533
0.3258399963378906
-0.016200300306081772
0.2842479944229126
0.06005150079727173
0.11297299712896347
0.23116999864578247
0.111565001308918
-0.06426919996738434
0.062264200299978256
0.057591598480939865
0.020256400108337402
0.17109400033950806
0.12478700280189514
0.2161020040512085
0.0930090993642807
0.18368899822235107
0.3263170123100281
0.08703690022230148
0.057815100997686386
-0.03185730054974556
0.03254149854183197
-0.14260700345039368
0.01785469986498356
-0.0977121964097023
-0.12672799825668335
-0.11352799832820892
-0.0014394200406968594
-0.005340369883924723
-0.00260188989341259
-0.05337490141391754
0.000897365971468389
0.06959140300750732
-0.11705300211906433
-0.03157550096511841
-0.015719499439001083
-0.19640100002288818
-0.05775659903883934
-0.04674350097775459
0.07523959875106812
-0.1088310033082962
0.15856699645519257
-0.0006545860087499022
0.608735978603363
-0.037052400410175323
0.06638479977846146
-0.02626729942858219
-0.023474499583244324
0.16325899958610535
0.23296000063419342
0.024049000814557076
-0.023239199072122574
0.16076700389385223
0.18293200433254242
-0.009535429999232292
0.27317601442337036
0.4951170086860657
0.14532700181007385
0.13540199398994446
0.41719600558280945
0.3177050054073334
-0.006314700003713369
-0.027945199981331825
0.010375900194048882
0.031853798776865005
-0.03364529833197594
0.24007900059223175
0.1969349980354309
0.254364013671875
0.17172600328922272
0.18335899710655212
0.00912586972117424
0.18008700013160706
0.0717914029955864
-0.07943890243768692
0.2850010097026825
0.06005299836397171
0.014796700328588486
0.2139970064163208
0.21807900071144104
0.12641799449920654
0.04141730070114136
0.1888899952173233
0.01575559936463833
-0.09342029690742493
0.1939619928598404
-0.02436929941177368
0.27650800347328186
0.06382600218057632
0.08650419861078262
0.21018199622631073
0.16846999526023865
-0.007957769557833672
0.003772930009290576
0.10907900333404541
-0.03203950077295303
0.1512559950351715
0.1605689972639084
0.22521500289440155
0.1502320021390915
0.2075909972190857
0.27745699882507324
0.17501099407672882
0.05487290024757385
-0.008150599896907806
0.04094750061631203
0.19752800464630127
0.018026400357484818
0.15812000632286072
0.16377100348472595
0.1232530027627945
0.13754799962043762
0.1354829967021942
0.045052699744701385
0.1911740005016327
0.10148599743843079
0.022480100393295288
0.15232299268245697
0.01682109944522381
0.06823059916496277
0.2790850102901459
0.0574244000017643
0.11651500314474106
0.020449599251151085
0.19164599478244781
0.008254210464656353
0.03881499916315079
-0.1296900063753128
-0.048048701137304306
-0.15134599804878235
-0.022574299946427345
-0.06887169927358627
-0.08087970316410065
-0.026305099949240685
-0.011402299627661705
-0.10642199963331223
-0.043760500848293304
0.07661960273981094
-0.13008999824523926
-0.04993230104446411
-0.0032730000093579292
-0.11171499639749527
-0.031295400112867355
-0.13499799370765686
0.049884699285030365
-0.040328700095415115
0.1554660052061081
-0.40867599844932556
0.33720698952674866
0.04053419828414917
0.2816460132598877
0.4110170006752014
0.39423298835754395
0.2837649881839752
0.1780019998550415
-0.292697012424469
-0.2875170111656189
-0.050210099667310715
-0.24818600714206696
0.3248730003833771
0.08522310107946396
0.2426690012216568
-0.06724459677934647
0.02591259963810444
0.23217099905014038
-0.25466999411582947
-0.21449600160121918
0.0009838469559326768
-0.010732700116932392
0.03503980115056038
0.024086400866508484
0.0262921005487442
-0.006876610219478607
-0.03578589856624603
-0.03425920009613037
0.005511989817023277
-0.04122519865632057
0.012131599709391594
0.022311799228191376
-0.0007489949930459261
-0.035246700048446655
0.026033800095319748
-0.0529497005045414
0.03830390051007271
-0.028309199959039688
0.033369798213243484
-0.05338229984045029
-0.02255930006504059
-0.012389499694108963
0.024548200890421867
0.33153098821640015
0.02245200052857399
0.12746399641036987
-0.018649399280548096
0.05630199983716011
0.1076819971203804
0.05970200151205063
0.07569549977779388
0.043063800781965256
0.10378900170326233
0.0392317995429039
0.12043000012636185
0.11159499734640121
0.2082429975271225
0.1624779999256134
0.11696600168943405
0.20355400443077087
0.12307299673557281
0.06769789755344391
-0.009176589548587799
-0.04364699870347977
0.03843729943037033
-0.008596080355346203
-0.0053351097740232944
-0.042775098234415054
-0.05411060154438019
-0.00901337992399931
-0.010262100026011467
0.01707869954407215
-0.0351576991379261
-0.012386400252580643
-0.024766599759459496
-0.01716019958257675
0.003976630046963692
-0.03734390065073967
-0.006158160045742989
-0.014165099710226059
-0.034447599202394485
0.037516798824071884
0.02790050022304058
-0.01482510007917881
0.02228650078177452
-0.061929699033498764
0.015759700909256935
-0.05079469829797745
0.630059003829956
-0.03648189827799797
-0.03380519896745682
0.4249599874019623
0.7772089838981628
0.02401760034263134
0.03469289839267731
0.143218994140625
0.08122999966144562
-0.0896402969956398
-0.008243129588663578
0.016252199187874794
0.12103799730539322
1.2310899496078491
0.004942050203680992
0.023493800312280655
0.04901739954948425
0.11552800238132477
0.09106680005788803
0.10585399717092514
0.12068600207567215
-0.29556500911712646
0.17690299451351166
0.07712049782276154
-0.5712940096855164
-1.2560399770736694
0.09520109742879868
0.10361000150442123
-0.3853810131549835
0.029310399666428566
0.16838900744915009
0.1434279978275299
0.13454200327396393
-0.3617430031299591
-0.7193049788475037
-0.014944000169634819
0.036615900695323944
-0.01698479987680912
-0.051871199160814285
-0.03846190124750137
-0.044632598757743835
-0.03871550038456917
-0.04555929824709892
-0.043829601258039474
0.03538079932332039
-0.02490920014679432
-0.004397510085254908
-0.04383229836821556
0.0027981901075690985
0.0027340499218553305
0.0227998998016119
0.02651909925043583
-0.00933148991316557
0.018355699256062508
0.02657020092010498
-0.02497269958257675
-0.012981800362467766
0.02438269928097725
-0.00661467993631959
0.1523669958114624
0.11225000023841858
0.1424199938774109
0.11278899759054184
-2.052030086517334
0.09688109904527664
0.11181800067424774
0.0066065299324691296
-0.6025400161743164
0.08400840312242508
0.10203699767589569
-0.3676230013370514
0.06998080015182495
0.0961809977889061
0.05794709920883179
0.1321610063314438
-0.4283050000667572
-0.5174530148506165
-0.022516999393701553
0.14810499548912048
-0.04860829934477806
0.01586039923131466
0.05663520097732544
-0.12859199941158295
-0.0695457011461258
-1.4537400007247925
-0.0605539008975029
0.0617716982960701
-1.0370099544525146
0.8397210240364075
-0.23193299770355225
-0.1428219974040985
0.15017099678516388
-0.32875099778175354
0.08740659803152084
-0.08945070207118988
0.04125779867172241
0.13602499663829803
-1.3777300119400024
0.04344779998064041
-0.019993599504232407
0.13307400047779083
-0.009591660462319851
0.03423500061035156
0.08593239635229111
0.029735099524259567
-1.6692700386047363
0.020178500562906265
0.06192890182137489
0.11549100279808044
-0.5503749847412109
0.12151099741458893
-0.0050860000774264336
0.03051079995930195
0.18855500221252441
-0.04260220006108284
0.023144900798797607
0.03570989891886711
0.023962799459695816
-1.394279956817627
-0.0120297996327281
0.07318740338087082
0.06129949912428856
0.10846800357103348
0.19067099690437317
0.10523299872875214
0.09737960249185562
-1.0000699758529663
0.16251499950885773
0.17249299585819244
0.016843199729919434
-1.3503199815750122
0.028422800824046135
0.13013799488544464
-0.37421199679374695
-0.05122419819235802
0.21155500411987305
0.0680479034781456
0.16933700442314148
-0.36678600311279297
-0.4853860139846802
-0.035235099494457245
0.04338670149445534
0.017774799838662148
0.0681949034333229
0.07808899879455566
0.04881000146269798
0.04405660182237625
0.0839838981628418
0.15743699669837952
0.13731099665164948
-1.0254900455474854
-0.9912880063056946
0.13502900302410126
0.1321360021829605
-0.2084600031375885
0.1736849993467331
0.01734139956533909
0.16504299640655518
0.002609140006825328
-0.2619889974594116
-1.1215699911117554
0.023601699620485306
0.12052100151777267
0.001788230030797422
0.08861110359430313
0.08639880269765854
0.08450829982757568
0.09037890285253525
-0.0369441993534565
0.10834600031375885
0.053342901170253754
-0.5212399959564209
-1.1035100221633911
0.04685639962553978
0.11336900293827057
-0.23555700480937958
0.08042900264263153
0.052655499428510666
0.13527700304985046
0.0038978499360382557
-0.2543109953403473
-1.0627000331878662
-0.04199180006980896
0.04788770154118538
-0.01367649994790554
0.10377100110054016
0.11503700166940689
0.03688349947333336
0.10008099675178528
-0.4503690004348755
0.13831600546836853
0.12187100201845169
0.06481099873781204
-0.26114800572395325
0.052350498735904694
0.12717099487781525
0.07106570154428482
0.10004600137472153
0.11399299651384354
0.04550350084900856
0.04209430143237114
-0.0030095900874584913
-1.1507699489593506
-0.009013899601995945
0.0773421972990036
0.12128300219774246
0.03314480185508728
0.004802110139280558
-0.010498300194740295
0.0008971689967438579
0.024279799312353134
-0.010373800061643124
0.005079499911516905
0.03477570042014122
-0.017511600628495216
-0.0456836000084877
-0.026399800553917885
-0.022482600063085556
-0.0083710802718997
-0.02159379981458187
-0.0036677299067378044
-0.019922100007534027
-0.03829929977655411
0.02102760039269924
0.014002599753439426
-0.000578118022531271
-0.006623739842325449
-0.01700269989669323
-0.10148199647665024
-0.0785021036863327
-0.07405990362167358
0.8861250281333923
-0.039584800601005554
-0.058912698179483414
0.37822699546813965
0.5423650145530701
0.025821199640631676
-0.01640859991312027
0.2533949911594391
0.015705399215221405
-0.08039750158786774
-0.06654950231313705
-0.0852670967578888
0.15343600511550903
1.1526299715042114
0.045432198792696
-0.015345199964940548
0.04461760073900223
0.05353580042719841
0.02828730084002018
-0.021079499274492264
0.007874020375311375
0.5769979953765869
0.015417300164699554
-0.04236479848623276
0.39318299293518066
0.8012610077857971
0.03766139969229698
-0.03265039995312691
0.2197210043668747
0.07919629663228989
-0.10523200035095215
-0.05674000084400177
0.006380079779773951
0.1492909938097
1.252940058708191
-0.020523499697446823
0.05181179940700531
0.06353829801082611
0.1651819944381714
0.16397200524806976
0.1040629968047142
0.0749398022890091
-0.045705199241638184
0.14088299870491028
0.19254200160503387
-1.0170899629592896
-0.3655860126018524
0.13429300487041473
0.0825871005654335
-0.2167239934206009
0.0951877012848854
0.09796810150146484
0.09267529845237732
0.08974120020866394
-0.3228349983692169
-1.256119966506958
-0.001792559982277453
0.14924299716949463
0.020211799070239067
0.11553899943828583
0.044895198196172714
0.17252500355243683
0.119439996778965
-0.10331299901008606
0.10378800332546234
0.07341469824314117
0.4774259924888611
-1.0868200063705444
0.25603100657463074
0.13890700042247772
-0.21415799856185913
0.23144300282001495
-0.013187999837100506
0.1257220059633255
-0.007927159778773785
-0.318664014339447
-1.1795599460601807
0.012653499841690063
0.12916499376296997
-0.08036249876022339
-0.016558799892663956
0.03479589894413948
-0.007585539948195219
0.03979089856147766
-0.0006921070162206888
-0.03838019818067551
0.017144599929451942
-0.007871010340750217
0.025340300053358078
-0.01305480021983385
-0.047398798167705536
-0.03266499936580658
-0.034467000514268875
-0.04360739886760712
-0.03631040081381798
-0.031690001487731934
-0.050447698682546616
0.03126790001988411
-0.050220098346471786
-0.045347899198532104
-0.010014300234615803
0.018373699858784676
-0.0014238100266084075
-0.009002859704196453
0.030588900670409203
-0.025786900892853737
0.032838501036167145
-0.022624799981713295
-0.04037659987807274
-0.029793500900268555
0.04892769828438759
-0.028182299807667732
0.002577170031145215
-0.041765499860048294
-0.02281769923865795
-0.005930010229349136
-0.04990009963512421
-0.03832229971885681
-0.04682749882340431
0.02179899998009205
0.022913599386811256
-0.0006929070223122835
0.002303479937836528
0.006057680118829012
0.0743430033326149
0.05400409922003746
0.10598000138998032
0.0843563973903656
0.09565450251102448
-0.6752740144729614
-0.8264189958572388
0.1858530044555664
0.053790900856256485
0.12303899973630905
0.19503900408744812
0.07450389862060547
0.07879810035228729
0.02082500047981739
0.06128399819135666
-0.9510480165481567
0.045506201684474945
0.12410099804401398
0.1121940016746521
0.1543249934911728
0.1073250025510788
0.0605137012898922
0.09299139678478241
-1.9640799760818481
0.14046800136566162
0.14658500254154205
0.4083060026168823
-0.8304839730262756
0.0816698968410492
0.10825800150632858
-0.33985498547554016
0.1481419950723648
0.12338999658823013
0.06745559722185135
0.13371099531650543
-0.38347798585891724
-0.527275025844574
-0.010853799991309643
0.08586759865283966
-0.027715200558304787
-0.012958900071680546
-0.00716419005766511
0.004411649890244007
0.04316030070185661
-0.046329598873853683
-0.042746201157569885
-0.04133100062608719
-0.02208930067718029
0.03707189857959747
0.01772020012140274
-0.0074335201643407345
0.014710599556565285
-0.04171900078654289
-0.04434650018811226
-0.03359910100698471
-0.0073610697872936726
0.02446329966187477
0.01223629992455244
-0.04708210006356239
-0.04054839909076691
-0.0006945119821466506
-0.0049279299564659595
-0.09116169810295105
0.07148680090904236
-0.02544330060482025
0.6602230072021484
0.18270200490951538
0.7833089828491211
0.18432000279426575
0.047244198620319366
-0.13765999674797058
0.15234899520874023
0.0008856349741108716
-0.38508298993110657
-0.07414189726114273
0.027827199548482895
-0.045940499752759933
-0.0185869000852108
0.02894500084221363
0.07325439900159836
0.8288379907608032
0.04016590118408203
0.04111320152878761
-0.038453198969364166
0.0267683994024992
-0.024956800043582916
-0.03410790115594864
-0.05340379849076271
-0.01535939984023571
0.011033600196242332
-0.02395389974117279
0.028425099328160286
-0.0027369700837880373
-0.04458409920334816
0.0032813800498843193
-0.01613900065422058
-0.04136120155453682
-0.04236070066690445
0.010704600252211094
0.013928700238466263
0.03841539844870567
0.005618109833449125
-0.001168800052255392
-0.015358399599790573
-0.3192810118198395
-0.07326090335845947
-0.025452200323343277
-0.0005209780065342784
-0.04530319944024086
0.03929239884018898
-0.4957909882068634
0.25260400772094727
0.2165829986333847
0.224264994263649
0.04202380031347275
-0.31411001086235046
-0.31703200936317444
-0.03473149985074997
0.6514890193939209
-0.03794059902429581
0.008178099989891052
0.14090900123119354
-0.1166210025548935
0.11126600205898285
0.03815250098705292
-0.07590509951114655
0.11571499705314636
-0.024174999445676804
0.9554719924926758
-0.47566500306129456
0.7003960013389587
0.07932420074939728
0.025243600830435753
0.173895001411438
0.09542310237884521
0.00586684001609683
-0.16505199670791626
-0.024737099185585976
0.008164919912815094
0.4664880037307739
0.04124649986624718
-0.04324920102953911
0.021399000659585
1.153149962425232
-0.0793692022562027
0.03964820131659508
-0.010164500214159489
0.009795580059289932
-0.001849059946835041
0.04714059829711914
0.0023208600468933582
0.013934699818491936
-0.049835000187158585
-0.028867699205875397
-0.011064600199460983
0.0031759398989379406
0.02019749954342842
0.03131970018148422
-0.03698819875717163
0.021404899656772614
-0.045760899782180786
-0.016405699774622917
0.024723900482058525
-0.019264500588178635
-0.02033899910748005
-0.0006945380009710789
0.009643619880080223
-0.41484200954437256
0.1369059979915619
0.01573769934475422
0.6197890043258667
0.014647199772298336
0.23751500248908997
0.13851800560951233
0.19028599560260773
0.1079540029168129
0.15165400505065918
-0.026525499299168587
-0.5584440231323242
-0.44155800342559814
0.20474299788475037
0.15970300137996674
0.028765099123120308
-0.027186499908566475
0.2044920027256012
0.509486973285675
0.08583179861307144
-0.027240600436925888
0.15863999724388123
0.02519869990646839
-0.057423099875450134
-0.547415018081665
-0.6069539785385132
-0.5901839733123779
0.29536500573158264
0.24136599898338318
0.14096400141716003
-0.17096999287605286
-0.013051300309598446
0.3155960142612457
0.1628980040550232
0.27886199951171875
0.038053400814533234
0.010847600176930428
0.007304970175027847
0.3329220116138458
-0.6600130200386047
0.058977898210287094
-0.03745489940047264
-0.4866720139980316
0.29726800322532654
0.008349189534783363
0.26914000511169434
-0.06393890082836151
0.07121530175209045
0.04493109881877899
0.28360500931739807
0.4074159860610962
0.146698996424675
-0.04696489870548248
-0.4368549883365631
-0.4136289954185486
0.09340939670801163
0.39029398560523987
0.003907239995896816
0.04977549985051155
0.22580799460411072
0.1810079962015152
0.14605000615119934
-0.04398709908127785
-0.042020801454782486
0.3484100103378296
-0.02927899919450283
0.16082799434661865
-1.343369960784912
0.26666000485420227
0.021293599158525467
0.5296019911766052
0.4175649881362915
-0.10819300264120102
-0.008446699939668179
0.01508800033479929
-0.06165270134806633
0.2981660068035126
-0.03768499940633774
-0.005735579878091812
-0.019344599917531013
0.13513599336147308
0.14449599385261536
0.07002930343151093
0.04435859993100166
0.001610980019904673
-0.03244059905409813
-0.014988100156188011
0.029046600684523582
-0.003447239985689521
0.022515300661325455
-0.03738480061292648
0.031326498836278915
-0.0013887099921703339
0.01223949994891882
0.019351400434970856
-0.029363300651311874
-0.0121331000700593
-0.02997020073235035
-0.026613399386405945
0.01834990084171295
-0.004765210207551718
-0.02498999983072281
-0.013790800236165524
-0.0148048996925354
-0.006070690229535103
0.21871599555015564
0.21323199570178986
0.03658140078186989
-0.30345600843429565
-0.3940710127353668
-0.29141101241111755
0.5549780130386353
0.15978500247001648
0.17903399467468262
-0.011336900293827057
0.008461910299956799
0.18698500096797943
0.2106419950723648
0.1735370010137558
0.33065199851989746
0.028519999235868454
0.02265789918601513
-0.07987630367279053
-0.2544479966163635
0.10875099897384644
-0.036473099142313004
-0.483022004365921
0.19650499522686005
0.031572699546813965
0.6185010075569153
0.27723100781440735
0.16556400060653687
0.09565109759569168
0.21881000697612762
0.1372479945421219
0.14062200486660004
0.04946000128984451
-0.4916679859161377
-0.4310440123081207
0.23576800525188446
0.05147960036993027
0.00846141017973423
-0.03146209940314293
0.24204300343990326
0.47795799374580383
0.0945264995098114
0.027624299749732018
0.0031331100035458803
-0.04005270078778267
0.03239480033516884
0.02878890000283718
0.02868949994444847
0.011321700178086758
-0.04121910035610199
-0.041483599692583084
0.036184001713991165
-0.051711298525333405
0.027237899601459503
-0.029631299898028374
-0.01920030079782009
-0.02897059917449951
0.018232500180602074
0.008473609574139118
-0.025420300662517548
9.231980220647529e-05
-0.018360000103712082
-0.010122000239789486
0.021712400019168854
-0.29016199707984924
0.1529799997806549
0.013679900206625462
0.4789310097694397
-0.6327139735221863
0.42781901359558105
0.01905990019440651
0.2100609987974167
0.3008649945259094
0.11780399829149246
0.027121400460600853
-0.33897098898887634
-0.22431500256061554
0.09188389778137207
0.41791200637817383
0.02743690088391304
0.036986298859119415
0.20726299285888672
0.4016070067882538
0.07769100368022919
-0.01625880040228367
-0.6327540278434753
0.23462599515914917
0.00826943013817072
0.2619340121746063
0.28591999411582947
0.06807350367307663
0.30499300360679626
0.13895300030708313
0.16186200082302094
0.13171100616455078
-0.040891699492931366
-0.7280089855194092
-0.541716992855072
0.16047599911689758
-0.042208198457956314
0.04481479898095131
-0.00962901022285223
0.08871059864759445
0.009232450276613235
0.1141119971871376
0.004130450077354908
0.015987999737262726
-0.024470699951052666
0.001912210020236671
-0.028665300458669662
0.011204799637198448
0.035912301391363144
0.0026820499915629625
-0.040504999458789825
0.011962500400841236
-0.0014515899820253253
-0.023722300305962563
-0.02864290028810501
-0.03001209907233715
-0.013569800183176994
0.01580039970576763
-0.039673298597335815
0.03296690061688423
-0.03442389890551567
0.00018033699598163366
-0.0067077199928462505
-0.032387301325798035
-0.4903680086135864
0.4789009988307953
0.000485338008729741
0.2652069926261902
-0.02021780051290989
-0.06593620032072067
0.582190990447998
0.22005300223827362
0.4145619869232178
0.03619049862027168
0.04310460016131401
-0.5564299821853638
-0.4388050138950348
0.2725130021572113
0.3226560056209564
-0.035337600857019424
-0.02884580008685589
0.12541300058364868
0.18356400728225708
-0.08842089772224426
-0.008589919656515121
-0.19522500038146973
0.0224676001816988
-0.031952500343322754
0.7380210161209106
0.5653759837150574
0.5572789907455444
0.0649591013789177
-0.06159929931163788
-0.10841300338506699
0.1372860074043274
0.02213750034570694
-0.41843900084495544
-0.12367399781942368
-0.041622601449489594
-0.11656899750232697
-0.03555800020694733
0.0408019982278347
-0.05189390107989311
1.0020500421524048
0.05998329818248749
-0.03801019862294197
-0.19276399910449982
0.34348100423812866
0.020145200192928314
0.1738470047712326
-0.729669988155365
-0.1568550020456314
0.5135390162467957
0.16979600489139557
0.3430919945240021
0.06077289953827858
-0.020308900624513626
-0.21801500022411346
-0.19588099420070648
0.15871000289916992
0.5444300174713135
0.022903600707650185
0.019817199558019638
0.11272899806499481
-0.04276160150766373
-0.08971740305423737
-0.04549910128116608
0.016945699229836464
-0.04518270120024681
-0.026340100914239883
-0.05466499924659729
-0.002178479917347431
0.036678899079561234
-0.019569100812077522
-0.04968700185418129
-0.054395001381635666
-0.04775850102305412
0.009726240299642086
-0.01866310089826584
-0.04348110035061836
-0.036855898797512054
0.029708100482821465
0.036090098321437836
0.03732439875602722
-0.04062100127339363
-0.03922450169920921
-0.018281899392604828
-0.01867780089378357
-0.19910800457000732
-0.002525150077417493
0.30947598814964294
-0.5052189826965332
-0.039659999310970306
0.10944999754428864
0.01459529995918274
0.011469399556517601
0.1324709951877594
0.05581580102443695
-0.02365720085799694
0.12447900325059891
-0.013852800242602825
-0.00421182019636035
0.392302006483078
0.006530940067023039
0.6395400166511536
-0.7153030037879944
-0.021453600376844406
0.09559579938650131
-0.035319600254297256
0.5129950046539307
-0.019204899668693542
0.15300799906253815
0.4739699959754944
-0.04808589816093445
-0.004381120204925537
-0.10020499676465988
-0.1258700042963028
0.021144000813364983
-0.02420400083065033
0.022724900394678116
-0.08107010275125504
-0.004486260004341602
-0.0018547100480645895
-0.3123140037059784
0.003904160112142563
-0.9186490178108215
0.84409499168396
-0.19643999636173248
0.029900100082159042
0.020933300256729126
-0.1077829971909523
0.016800399869680405
-0.041548699140548706
0.038023099303245544
-0.03343059867620468
0.08749579638242722
0.055651698261499405
-0.114376001060009
0.39338400959968567
0.005443260073661804
-0.08441369980573654
0.005233290139585733
-0.028416600078344345
0.11536899954080582
0.4021869897842407
0.028848400339484215
0.6744779944419861
-0.3694950044155121
0.2699199914932251
0.0667446032166481
0.01809689961373806
0.2863430082798004
-0.0429144985973835
0.5616539716720581
0.4249120056629181
-0.02530279941856861
0.2249779999256134
-0.20912699401378632
0.37611499428749084
0.1599999964237213
-0.049957599490880966
-0.15645700693130493
0.09707050025463104
0.013593300245702267
0.3181209862232208
0.01563120074570179
0.011256000027060509
-0.07164370268583298
0.256866991519928
-0.30881500244140625
-0.031754299998283386
-0.020196199417114258
0.021247200667858124
0.013422200456261635
0.0075632501393556595
0.02241629920899868
0.03489140048623085
0.0012026700424030423
-0.09015680104494095
-0.003870079992339015
-0.02221740037202835
0.013399099931120872
-0.05979900062084198
-0.030710499733686447
0.0022590700536966324
-0.034475699067115784
0.016188299283385277
-0.029564499855041504
-0.04373149946331978
-0.006119709927588701
-0.03232859820127487
-0.004447590094059706
-0.03285349905490875
0.30720698833465576
0.041665200144052505
0.17304499447345734
0.01341949962079525
0.021727299317717552
0.10866399854421616
-0.9963089823722839
0.09619300067424774
-0.5087190270423889
-0.01638220064342022
-0.4308669865131378
0.19512799382209778
-0.009688409976661205
-0.00791303999722004
-0.2191140055656433
-0.003415049985051155
-0.5140600204467773
0.4950770139694214
-1.0997799634933472
-0.03010679967701435
0.03926140069961548
-0.03413509950041771
-0.033159900456666946
0.03348119929432869
-0.02096419967710972
-0.03644600138068199
0.03488130122423172
-0.021151099354028702
0.03157920017838478
-0.05939510092139244
0.011831100098788738
-0.04817179962992668
-0.010184399783611298
0.003274650080129504
-0.008308850228786469
-0.014819899573922157
-0.044392600655555725
-0.018593700602650642
0.016886800527572632
0.0064592198468744755
-2.3304399292101152e-05
0.005552059970796108
0.10135100036859512
-0.04476400092244148
-0.0832780972123146
0.17444400489330292
-0.047822900116443634
0.4215869903564453
-0.03330430015921593
0.4079340100288391
0.12351399660110474
0.027751900255680084
0.01155799999833107
0.344664990901947
-0.039012499153614044
0.22748300433158875
0.5108450055122375
-0.005242039915174246
-0.010452300310134888
0.022732900455594063
-0.011818399652838707
-0.15557999908924103
0.047268301248550415
-0.1728229969739914
0.015617599710822105
0.8322719931602478
-0.0999675989151001
-0.009979059919714928
0.09156560152769089
-0.2976909875869751
0.39832499623298645
-0.010222500190138817
-0.010532000102102757
-0.07898540049791336
-0.0077029201202094555
-0.04050679877400398
0.1919430047273636
0.42375999689102173
0.020903199911117554
0.3189780116081238
-0.36033499240875244
-0.3379029929637909
0.07831349968910217
0.02680799923837185
0.04396909847855568
0.04867599904537201
-0.402539998292923
0.15275700390338898
-0.046929001808166504
-0.07230380177497864
-0.0666666030883789
-0.06510110199451447
0.631168007850647
-0.02437240071594715
-0.07469010353088379
-0.061590999364852905
-0.03947500139474869
0.09140510112047195
-0.2234169989824295
-0.003087070072069764
-0.5414029955863953
0.5928069949150085
0.5867699980735779
0.008460819721221924
-0.010611900128424168
0.042443398386240005
-0.0009549289825372398
-0.3292270004749298
0.4703660011291504
-0.04465299844741821
0.15314699709415436
-0.03491310030221939
-0.026005199179053307
0.21700799465179443
-0.018594199791550636
0.09476830065250397
0.06979359686374664
-0.02931860089302063
0.15439799427986145
-0.4028399884700775
-0.0330439992249012
0.0015763799892738461
-0.13228900730609894
0.5669999718666077
0.002627959940582514
-0.03549659997224808
-0.015235899947583675
-0.011709400452673435
-0.4080069959163666
0.45279499888420105
0.0062337699346244335
0.15014299750328064
-0.0923369973897934
-0.09193850308656693
0.0896506980061531
0.026942700147628784
0.06528720259666443
0.023806599900126457
0.02288989908993244
0.1269650012254715
-0.47770899534225464
-0.015043400228023529
-0.29505598545074463
0.22678199410438538
0.6308860182762146
0.04627680033445358
0.031011199578642845
0.01857680082321167
-0.020274899899959564
-0.1925320029258728
0.1456259936094284
-0.0040062000043690205
0.272599995136261
0.06395939737558365
0.36463499069213867
0.2855849862098694
0.03005160018801689
-0.07553040236234665
0.34807899594306946
0.02771330066025257
0.13580800592899323
0.34304699301719666
-0.03400079905986786
-0.18175600469112396
0.1939619928598404
0.07683540135622025
0.011193700134754181
-0.024469200521707535
0.07185930013656616
-0.04494230076670647
0.021757999435067177
-0.03635869920253754
0.029208499938249588
0.2835269868373871
-0.008713830262422562
0.2875080108642578
0.19114400446414948
0.017961200326681137
-0.16706299781799316
0.36953699588775635
-0.018035100772976875
0.09642279893159866
0.6188139915466309
0.025908200070261955
0.08384589850902557
0.07127059996128082
-0.155799999833107
0.03974439948797226
0.020573100075125694
0.16050000488758087
0.006022099871188402
0.317111998796463
0.4374549984931946
-0.02774439938366413
0.3922570049762726
-0.604013979434967
0.3703179955482483
0.18307000398635864
0.021440399810671806
-0.26572099328041077
0.2283959984779358
0.047402799129486084
0.3184710144996643
0.007805170025676489
-0.009681659750640392
-0.5017070174217224
0.34664300084114075
0.14350999891757965
-0.029934100806713104
0.0206799004226923
0.059382300823926926
0.02118689939379692
-0.09882040321826935
-0.07474160194396973
0.042049698531627655
0.494049996137619
0.052895400673151016
0.5088589787483215
0.19370600581169128
0.0020381200592964888
-0.07876919955015182
0.5455319881439209
0.023656899109482765
0.2364169955253601
0.37663599848747253
0.03443409875035286
-0.36096900701522827
0.140174001455307
-0.23425400257110596
-0.07993970066308975
0.019724000245332718
0.026363400742411613
-0.029728999361395836
-0.00797600019723177
-0.04403429850935936
-0.013152100145816803
-0.02537669986486435
-0.024515699595212936
0.041495900601148605
-0.03868120163679123
-0.03235270082950592
-0.04167100042104721
-0.04529000073671341
0.01056590024381876
-0.035176899284124374
-0.037043798714876175
0.004008059855550528
-0.046942900866270065
0.015086299739778042
-0.03880830109119415
-0.009519520215690136
0.037119898945093155
0.12095999717712402
-0.04209649935364723
-0.08743440359830856
-0.13293500244617462
-0.03475889936089516
0.15610499680042267
-0.10451599955558777
-0.11586199700832367
-0.00971229001879692
-0.029799500480294228
-0.08266829699277878
0.3853749930858612
0.012689899653196335
-0.16491399705410004
0.1565530002117157
-0.005517070181667805
-0.4018470048904419
0.44260698556900024
-0.5665990114212036
0.0987657979130745
0.034595999866724014
-0.02423110045492649
-0.013704200275242329
-0.02578979916870594
-0.15214599668979645
0.013085699640214443
-0.09132350236177444
0.03178109973669052
-0.3353559970855713
0.11795499920845032
0.04428670182824135
0.004813769832253456
-0.06362169981002808
0.03214940056204796
-0.40817299485206604
0.2512120008468628
0.039377398788928986
-0.5143439769744873
0.505387008190155
0.045064400881528854
0.08554890006780624
0.002509509911760688
0.1155640035867691
0.08788490295410156
0.004472159780561924
0.05351930111646652
-0.03225940093398094
-0.391977995634079
-0.018311500549316406
-0.410053014755249
0.004194910172373056
-0.0002295059966854751
0.07658199965953827
0.17049899697303772
-0.17564600706100464
-0.23168900609016418
-0.19727200269699097
-0.1901170015335083
0.04095590114593506
-0.0004950209986418486
0.023819299414753914
0.007054360117763281
-0.035530801862478256
0.02416279911994934
-0.01910180039703846
0.05145829916000366
-0.18921199440956116
-0.025425300002098083
-1.2355400323867798
-0.030919499695301056
-0.11875999718904495
-0.852607011795044
-0.007905740290880203
0.07700750231742859
-0.009751900099217892
0.01660650037229061
-0.07347670197486877
-0.4566609859466553
0.063236303627491
-0.020746499300003052
0.24844899773597717
-0.026186300441622734
0.004703119862824678
0.006335889920592308
-0.4058220088481903
0.22769999504089355
-0.1434600055217743
-0.02710000053048134
0.022346900776028633
-0.5792829990386963
0.02282780036330223
-0.05579259991645813
0.20787300169467926
-0.6578260064125061
-0.00037521199556067586
-0.059060998260974884
-0.15702900290489197
-0.14052200317382812
-0.12850800156593323
-0.3487190008163452
0.011427300050854683
-0.25210100412368774
0.027303600683808327
0.04714059829711914
-0.021547799929976463
-0.10787300020456314
-0.3195050060749054
-0.14429600536823273
-0.35792800784111023
0.025116000324487686
-0.11355099827051163
-0.011339399963617325
0.16412000358104706
-0.42716699838638306
0.21503399312496185
-0.09477920085191727
0.0007026129751466215
0.010808899998664856
-0.08369170129299164
-0.49660301208496094
0.11237599700689316
-0.017531799152493477
0.07222550362348557
-0.013178099878132343
0.049295298755168915
-0.017647499218583107
-0.08847910165786743
-0.04679090157151222
-0.1075349971652031
-0.06568670272827148
0.02116820029914379
0.4570870101451874
0.04082300141453743
-0.04824709892272949
0.059281300753355026
-0.6976000070571899
0.1385830044746399
-0.23051300644874573
-0.10229499638080597
-0.12403199821710587
-0.13783100247383118
-0.2322539985179901
-0.0248578991740942
-0.13067099452018738
-0.3179740011692047
0.04622359946370125
-0.006744139827787876
0.2736459970474243
-0.9247990250587463
0.18566200137138367
-0.09394790232181549
0.001996230101212859
0.1524219959974289
0.019228700548410416
0.036196399480104446
-0.022251399233937263
-0.06243959814310074
-0.09741160273551941
-0.18440000712871552
-0.026544999331235886
0.09132509678602219
-0.35108599066734314
0.028901400044560432
0.030805300921201706
0.3461099863052368
-0.11382000148296356
-0.0035118700470775366
-0.053640998899936676
-0.13424399495124817
0.26981601119041443
-0.1441890001296997
-0.17314499616622925
-0.03334509953856468
0.5066729784011841
-0.05739419907331467
-0.019100099802017212
0.2802160084247589
-0.5675240159034729
-0.245728999376297
-0.3907659947872162
-0.14083899557590485
-0.027167800813913345
-0.17597900331020355
-0.020329400897026062
-0.005331189837306738
0.07164110243320465
0.20451100170612335
0.012918000109493732
0.02972950041294098
-0.03550940006971359
-0.6275420188903809
-0.2335900068283081
-0.21063899993896484
-0.03179309889674187
0.1520570069551468
-0.03901980072259903
-0.07107309997081757
-0.28792500495910645
-0.7253710031509399
0.1426839977502823
0.12853500247001648
-0.09661880135536194
0.1703220009803772
-0.1775760054588318
0.028738800436258316
0.0014515300281345844
0.10830499976873398
-0.4115149974822998
0.035551201552152634
0.0041287802159786224
0.004634879995137453
-0.36468398571014404
-0.2362080067396164
-0.20451000332832336
0.03941519930958748
0.30941900610923767
-0.03704280033707619
-0.15149299800395966
-0.03047410026192665
-0.7163349986076355
0.29488900303840637
-0.12577499449253082
-0.0910205990076065
-0.07776039838790894
-0.001716569997370243
-0.09065739810466766
0.030245700851082802
0.2820180058479309
-0.2687680125236511
-0.016620000824332237
0
1
