3
9
5
20
20
20
20
20
ReLU
ReLU
ReLU
ReLU
ReLU
Affine
0.5120949745178223
0.01358409970998764
-0.2563590109348297
-0.12539400160312653
-0.04860460013151169
-0.40156498551368713
-0.008292159996926785
-0.0946727991104126
1.0533299446105957
0.15310899913311005
-0.26347601413726807
-0.0787833034992218
0.6934009790420532
-0.13560500741004944
-0.17312100529670715
-0.10792399942874908
1.2600899934768677
-0.364300012588501
-0.2856079936027527
-0.04590329900383949
-0.42153000831604004
-0.2466910034418106
-0.3052760064601898
-0.028951000422239304
1.3113499879837036
-0.30783501267433167
-0.1478080004453659
0.08184809982776642
-0.6832939982414246
-0.31535300612449646
-0.13082200288772583
0.13182899355888367
0.9496470093727112
0.0766913965344429
-0.07389040291309357
0.1361279934644699
-0.40050598978996277
-0.05647889897227287
-0.23693199455738068
-0.08517669886350632
1.1022800207138062
-0.002996789989992976
-0.3091920018196106
-0.013718499802052975
-0.2708260118961334
0.01708029955625534
-0.25935500860214233
-0.05061420053243637
0.19981899857521057
-0.015742700546979904
-0.2693580090999603
-0.0009669919963926077
0.6087340116500854
-0.04383920133113861
-0.2860099971294403
-0.061216000467538834
0.5662130117416382
-0.028726300224661827
-0.23556199669837952
-0.08065149933099747
0.8249260187149048
0.1782660037279129
-0.08511099964380264
0.09755279868841171
-0.0005049390019848943
-0.009735899977385998
0.0007079779752530158
-0.006324660032987595
-0.8390820026397705
-0.2610520124435425
-0.27196699380874634
-0.04027310013771057
-0.013575700111687183
-0.0007487480179406703
0.0031209399458020926
-0.009677180089056492
-1.0513099431991577
-0.01917489990592003
-0.24514099955558777
-0.11977899819612503
-0.5069040060043335
-1.3328100442886353
0.33188799023628235
-0.8533939719200134
0.10725799947977066
0.0437730997800827
0.20822300016880035
0.03271849825978279
0.12415699660778046
0.07723589986562729
0.36127200722694397
0.27169498801231384
0.2671619951725006
0.5797529816627502
0.4778209924697876
0.12858200073242188
-0.0348971001803875
-0.2573719918727875
-0.046848900616168976
-1.1928999423980713
-0.13315199315547943
-0.10159599781036377
0.7434660196304321
-0.15095600485801697
-0.570809006690979
0.2778489887714386
-0.010462299920618534
0.5673739910125732
0.12456899881362915
-0.1007469967007637
-0.5152450203895569
0.007517009973526001
-0.4472059905529022
-0.050244200974702835
0.20505200326442719
0.2388239949941635
-0.0683491975069046
0.00014349099365063012
-0.1278340071439743
0.04134669899940491
-0.7575539946556091
0.03216199949383736
-0.7779369950294495
-0.5563340187072754
0.24370600283145905
-0.9362559914588928
0.1420000046491623
0.10498099774122238
0.21738900244235992
0.0706695020198822
0.1977500021457672
0.11766800284385681
0.32224300503730774
0.24313299357891083
0.16659000515937805
0.42640700936317444
0.2770259976387024
0.1720370054244995
-0.018912799656391144
-0.1303189992904663
-0.04113300144672394
-1.0535900592803955
-0.14675499498844147
-0.05639050155878067
0.03893199935555458
0.0057655698619782925
-0.029827099293470383
-0.019501499831676483
0.038459401577711105
0.016688700765371323
-0.038333598524332047
-0.02833770029246807
0.006004909984767437
-0.02964170090854168
-0.051771000027656555
-0.017845500260591507
-0.051681701093912125
-0.018514400348067284
-0.05012109875679016
0.027059100568294525
0.019954100251197815
-0.01773029938340187
-0.024348199367523193
-0.008977379649877548
-0.3310289978981018
0.13523800671100616
0.3202100098133087
0.7153149843215942
-0.04246870055794716
0.16420499980449677
0.058896299451589584
0.20138700306415558
0.4201129972934723
0.21092699468135834
0.23433199524879456
0.1906220018863678
-0.015432000160217285
0.06615389883518219
-0.04245530068874359
0.33292698860168457
0.0359731987118721
0.051754798740148544
0.02791210077702999
0.18226100504398346
-0.015845999121665955
-0.4686410129070282
0.28987398743629456
0.3450239896774292
0.5574139952659607
-0.07674679905176163
0.11562199890613556
0.08696240186691284
0.006956739816814661
0.2907339930534363
0.3226200044155121
0.2591240108013153
0.2863830029964447
0.08427859842777252
0.06922270357608795
0.015931300818920135
0.25089699029922485
-0.027614299207925797
0.13540999591350555
-0.03777660056948662
0.20204700529575348
-0.14442600309848785
-0.029956800863146782
-0.010088800452649593
0.023174099624156952
0.0072397999465465546
-0.03073970042169094
-0.054152000695466995
-0.03163829818367958
-0.013027600012719631
0.023654500022530556
0.018773699179291725
-0.030375000089406967
0.012403200380504131
-0.024700399488210678
0.005364149808883667
-0.05206570029258728
0.015766099095344543
0.04817980155348778
0.024561699479818344
0.003358100075274706
0.006687169894576073
-0.02294519916176796
0.9175990223884583
0.9888169765472412
0.30145201086997986
-0.37830400466918945
0.3903599977493286
-0.5913810133934021
-0.03257570043206215
-0.6826450228691101
0.26721200346946716
-0.13261300325393677
0.30518001317977905
0.2423190027475357
-0.04948209971189499
0.21251800656318665
0.412975013256073
0.2565009891986847
-0.04250689968466759
-1.3713699579238892
-0.04333849996328354
-0.324414998292923
-0.04574130102992058
-0.001468749949708581
0.4162690043449402
-0.054794199764728546
0.02197970077395439
-0.005106879863888025
0.22568200528621674
-0.09688480198383331
-0.009061469696462154
-0.1071619987487793
-0.0124696996062994
-0.16163699328899384
-0.36231300234794617
-0.3460240066051483
-0.3861910104751587
0.03443149849772453
-0.015475999563932419
-0.033755701035261154
0.16203999519348145
0.01397939957678318
0.3782939910888672
-0.06976590305566788
-0.7953180074691772
-0.34711000323295593
0.1959950029850006
-0.6223400235176086
0.08091100305318832
0.06108490005135536
0.22044700384140015
0.10405699908733368
0.1897979974746704
0.07279930263757706
0.31866899132728577
0.19783200323581696
0.1571040004491806
0.3916890025138855
0.17305700480937958
0.2027609944343567
0.022679299116134644
-0.1079619973897934
0.045015498995780945
-1.0208100080490112
-0.14468100666999817
0.40334901213645935
0.48964300751686096
0.15011900663375854
-0.29719799757003784
0.5714280009269714
-0.2790839970111847
0.6087769865989685
-0.3799220025539398
0.07461609691381454
-0.2509419918060303
0.10729800164699554
-0.13989399373531342
-0.14514100551605225
0.1944420039653778
0.2453320026397705
0.015033300034701824
0.02555369958281517
-0.3096509873867035
-0.04036720097064972
-0.21424299478530884
0.017971700057387352
-0.2537600100040436
0.17457300424575806
0.2753109931945801
0.7590919733047485
-0.16711899638175964
0.03206989914178848
0.002016979968175292
0.14132800698280334
0.3540779948234558
0.19408400356769562
0.25609299540519714
0.11912500113248825
-0.012403099797666073
-0.03380009904503822
-0.117296002805233
0.31138598918914795
-0.025561099871993065
-0.08639650046825409
-0.03224309906363487
0.15358999371528625
-0.03204590082168579
-0.6901429891586304
-0.3945080041885376
0.3153899908065796
-0.2763479948043823
0.04033920168876648
0.04970559850335121
0.1908790022134781
0.08083660155534744
0.14894500374794006
0.051924798637628555
0.35453000664711
0.19266800582408905
0.16807299852371216
0.3841249942779541
0.26914098858833313
0.21044500172138214
-0.025223299860954285
-0.23226000368595123
0.02566389925777912
-0.8566979765892029
-0.12834100425243378
-0.7992200255393982
0.001593110035173595
0.09145639836788177
-0.277197003364563
0.2136249989271164
0.23230800032615662
0.2503719925880432
0.2161259949207306
0.10702499747276306
0.266728013753891
0.2829490005970001
0.17986199259757996
0.10511799901723862
0.31627899408340454
0.16299399733543396
0.11604999750852585
-0.013359799981117249
0.0070962198078632355
-0.02323020063340664
-0.45407000184059143
-0.1917160004377365
-0.8294389843940735
-0.25286298990249634
0.23351100087165833
-0.23425300419330597
0.022633900865912437
0.08888190239667892
0.27922600507736206
0.16968399286270142
0.1407420039176941
0.0216693002730608
0.38509899377822876
0.1793449968099594
0.2146410048007965
0.3226569890975952
0.08967310190200806
0.2383269965648651
0.02646460011601448
-0.21923500299453735
-0.0063590700738132
-0.8160179853439331
-0.10106699913740158
-0.7308220267295837
0.06815580278635025
0.18962900340557098
0.3701759874820709
0.008424350060522556
0.1335899978876114
0.16861599683761597
0.08901979774236679
0.23104499280452728
0.24536700546741486
0.2952969968318939
0.2785690128803253
0.07427020370960236
0.14959900081157684
0.050790801644325256
0.20880499482154846
-0.020352400839328766
0.02261440083384514
0.021106399595737457
-0.16430999338626862
-0.15444399416446686
-0.7388820052146912
-0.3241879940032959
0.3072409927845001
-0.646452009677887
0.03443999961018562
0.013063699938356876
0.19110600650310516
0.05961009860038757
0.17852400243282318
0.00388503004796803
0.473457008600235
0.14496199786663055
0.35314199328422546
0.3657819926738739
0.21587300300598145
0.28161200881004333
0.024403700605034828
-0.3338429927825928
0.02253280021250248
-0.9766319990158081
-0.06901329755783081
0.3783479928970337
0.11415000259876251
0.12298700213432312
-0.33374398946762085
0.659866988658905
-0.2721560001373291
0.502062976360321
-0.3221589922904968
0.1110839992761612
-0.09170310199260712
0.1815440058708191
-0.04655120149254799
-0.05071049928665161
0.33582600951194763
0.31935301423072815
0.01445349957793951
0.01743829995393753
-0.30938899517059326
-0.049327198415994644
-0.2604610025882721
-0.04022179916501045
-0.8224310278892517
0.6594290137290955
0.2141990065574646
-0.17051999270915985
-0.009233130142092705
0.2472119927406311
0.24681399762630463
0.31662800908088684
0.15354999899864197
0.0736917033791542
0.27418801188468933
0.032628901302814484
0.017733799293637276
0.3875479996204376
0.11971300095319748
0.21745100617408752
0.02581620030105114
0.09680169820785522
-0.015257899649441242
-0.4635320007801056
-0.1351490020751953
-0.7474960088729858
0.29237300157546997
0.26021701097488403
0.021405000239610672
-0.0872139036655426
0.25223100185394287
0.03715530037879944
0.3546620011329651
0.05430290102958679
0.21866700053215027
0.2890160083770752
0.170415997505188
0.11604499816894531
0.27636098861694336
0.10908500105142593
0.20136800408363342
0.03751650080084801
0.2706669867038727
-0.037889301776885986
-0.18327300250530243
-0.1320600062608719
0.19664999842643738
-0.3886829912662506
0.24275900423526764
-0.00333859003148973
0.12260700017213821
0.2595269978046417
0.017039600759744644
-0.2734529972076416
0.0756130963563919
0.19616100192070007
-0.820048987865448
0.18687200546264648
0.23867100477218628
0.06557829678058624
0.05620050057768822
0.08406650274991989
0.14706799387931824
-1.0587199926376343
0.10998500138521194
0.1111610010266304
-0.06241169944405556
0.04525040090084076
0.0327037014067173
0.007291790097951889
0.03884910047054291
-0.03944709897041321
-0.025141600519418716
0.019021200016140938
-0.03721030056476593
0.026941699907183647
0.05039700120687485
-0.024122700095176697
-0.04299649968743324
-0.041593998670578
0.022468099370598793
-0.01466550026088953
-0.012387399561703205
-0.04511990025639534
0.02758130058646202
0.03242669999599457
-0.05097249895334244
-0.01652109995484352
-0.10126200318336487
-0.3019390106201172
0.09177500009536743
-0.02271289937198162
0.2677370011806488
0.421085000038147
0.008485930040478706
0.3642350137233734
-0.11876499652862549
0.11297599971294403
-0.7489290237426758
0.2650040090084076
0.08045650273561478
0.15217700600624084
0.13228900730609894
0.3015980124473572
0.041684601455926895
-1.0268700122833252
0.15210799872875214
0.25657299160957336
-0.020448999479413033
0.10378199815750122
0.36344099044799805
0.18189600110054016
-0.017314700409770012
0.2315549999475479
0.02084360085427761
0.04548310115933418
-0.5396850109100342
0.15472599864006042
0.27695900201797485
-0.5207639932632446
0.22964699566364288
0.19940799474716187
0.15046900510787964
0.28789499402046204
0.20194999873638153
0.2624010145664215
-0.5952960252761841
0.35589599609375
0.1956160068511963
-0.0290887001901865
0.2831780016422272
-0.25289100408554077
0.2578420042991638
0.01637759990990162
0.2154570072889328
0.08631180226802826
-0.024253400042653084
0.058492500334978104
-0.08278129994869232
0.1818310022354126
-0.9878519773483276
0.1527310013771057
0.21193400025367737
-0.06528999656438828
0.0907651036977768
0.0004929840215481818
0.09480839967727661
-1.2267600297927856
-0.01990400068461895
0.15396800637245178
0.018495500087738037
-0.001544840051792562
-0.007783929817378521
0.01994970068335533
0.03804190084338188
-0.016792500391602516
-0.03879129886627197
-0.031203899532556534
0.041649799793958664
-0.024875499308109283
0.033713798969984055
-0.01867710053920746
-0.010668800212442875
0.03805999830365181
-0.04809129983186722
-0.03046399913728237
0.01399100013077259
-0.0456634983420372
0.02024970017373562
-0.030962800607085228
0.014221400022506714
-0.008913319557905197
0.030122000724077225
-0.03645560145378113
0.02509870007634163
0.024191999807953835
0.0011178499553352594
-0.03070870041847229
0.03215400129556656
-0.02321230061352253
-0.025185300037264824
0.051256000995635986
-0.012191800400614738
-0.04616729915142059
-0.02161329984664917
0.001575769972987473
-0.019323300570249557
-0.04788459837436676
-0.021160399541258812
0.0004138610092923045
0.010239499621093273
0.019065599888563156
-0.008892170153558254
0.30159398913383484
0.533411979675293
0.41481998562812805
0.04313819855451584
0.12538599967956543
0.16566799581050873
-0.012169299647212029
-0.5862159729003906
0.6277679800987244
0.4870949983596802
0.0734604001045227
0.049371298402547836
0.3990190029144287
0.5014790296554565
0.38408398628234863
0.37297898530960083
0.33827000856399536
0.10870199650526047
0.5244029760360718
0.30923599004745483
-0.1675100028514862
0.034934498369693756
-0.05010389909148216
0.02994210086762905
0.0022737300023436546
-0.0534106008708477
0.026803599670529366
0.005682540126144886
0.04045780003070831
0.01516180019825697
-0.0036884399596601725
0.018544599413871765
-0.05542910099029541
-0.0005742060020565987
-0.006394899915903807
-0.04603099822998047
-0.04353899881243706
-0.041887298226356506
-0.027666600421071053
0.0104245999827981
0.025415299460291862
-0.008921150118112564
-0.10013099759817123
-0.11711899936199188
0.02092510089278221
0.0394711010158062
0.28709501028060913
0.40806999802589417
0.015856200829148293
0.3499319851398468
-0.31220701336860657
0.12029799818992615
-0.7066239714622498
0.23122400045394897
0.08860330283641815
0.01205969974398613
0.1299079954624176
0.252344012260437
0.025784900411963463
-0.9969919919967651
0.15815399587154388
0.23232899606227875
0.004799630027264357
0.041257500648498535
-0.2601810097694397
0.22130900621414185
0.030802899971604347
0.06746839731931686
0.09426359832286835
-0.01989479921758175
-0.307000994682312
0.4038499891757965
0.19144800305366516
-0.8336290121078491
-0.0963532030582428
0.10341399908065796
0.31026801466941833
0.12731899321079254
0.14026899635791779
0.055381499230861664
-1.0749599933624268
0.11928900331258774
0.25659099221229553
0.010750100016593933
0.036142800003290176
0.011530599556863308
0.0035276899579912424
-0.010178499855101109
-0.04075520113110542
0.011494499631226063
-0.018372399732470512
0.000754630018491298
-0.049636200070381165
0.015943199396133423
0.003188010072335601
-0.03912379965186119
-0.015436200425028801
-0.01526820007711649
0.015739500522613525
-0.010867300443351269
0.021344700828194618
0.01260720007121563
-0.03824910148978233
-0.01569250039756298
-0.012291399762034416
0.6001440286636353
0.3365980088710785
0.6463059782981873
-0.03641410171985626
0.06833329796791077
-0.20845499634742737
-0.034637000411748886
-0.5754309892654419
0.6997389793395996
0.524183988571167
1.0511300563812256
0.06764420121908188
0.5133500099182129
0.42159101366996765
0.49227601289749146
0.10208799690008163
0.5944610238075256
1.3678699731826782
0.5713679790496826
0.39485299587249756
-0.07301740348339081
0.060130100697278976
-0.07039739936590195
0.1696469932794571
-0.029403500258922577
0.16666600108146667
0.41769999265670776
-0.017981400713324547
0.020869700238108635
-0.20758600533008575
0.24795499444007874
-0.6251099705696106
0.1905200034379959
0.1631699949502945
0.19191500544548035
0.2828559875488281
0.3497619926929474
0.24544499814510345
-0.8078749775886536
0.1886949986219406
0.23118799924850464
-0.05007699877023697
0.24140100181102753
-0.32662999629974365
0.22170400619506836
-0.023937299847602844
0.13997000455856323
0.1453550010919571
0.03499459847807884
-0.21508899331092834
-0.07993180304765701
0.120169997215271
-0.8041430115699768
0.1416579931974411
0.2429649978876114
-0.023054299876093864
0.12641100585460663
0.09675250202417374
0.12836100161075592
-1.0868200063705444
0.0549749992787838
0.1463409960269928
-0.027982600033283234
0.44977301359176636
-0.3641200065612793
0.38124001026153564
0.00891938991844654
0.06802459806203842
0.09484919905662537
0.014286600053310394
-0.3875289857387543
0.025069300085306168
0.2631550133228302
0.6508979797363281
0.11043599992990494
0.3616740107536316
-0.10864099860191345
0.18979200720787048
-0.015568600036203861
0.2776240110397339
0.8783220052719116
-0.10174500197172165
-0.018489599227905273
-0.17746999859809875
0.19457100331783295
0.307451993227005
0.2888540029525757
0.022625699639320374
0.22279399633407593
0.20445099472999573
0.0014212899841368198
-0.34580299258232117
0.06324910372495651
0.3462890088558197
-0.4974310100078583
0.16375599801540375
0.20574599504470825
0.24152599275112152
0.3521609902381897
0.2534030079841614
0.39355701208114624
-0.4567030072212219
0.3347240090370178
0.3399980068206787
-0.011518999934196472
-0.12629100680351257
-0.13583999872207642
-0.05449270084500313
-0.033239301294088364
0.32359498739242554
0.22934000194072723
-0.031550198793411255
0.32463300228118896
-0.05172089859843254
0.08050759881734848
-0.7480769753456116
0.27197200059890747
0.02226479910314083
0.0220893993973732
0.10659399628639221
0.14276300370693207
0.005762369837611914
-1.0580300092697144
0.15229399502277374
0.20772099494934082
0.028492499142885208
-0.5008080005645752
0.5953620076179504
-0.31495800614356995
0.0014875299530103803
-0.03445440158247948
-0.03110720030963421
-0.022142300382256508
-0.2558079957962036
-0.012382100336253643
-0.15899600088596344
-0.4121589958667755
-0.1518470048904419
-0.2385910004377365
0.5113499760627747
0.1468610018491745
0.3017739951610565
0.08157409727573395
0.032514799386262894
0.40249499678611755
0.3390359878540039
0.17029500007629395
0.08702520281076431
0.16765199601650238
0.03937629982829094
0.004023579880595207
-0.10215199738740921
0.11393000185489655
-0.04192490130662918
0.184797003865242
-0.7059990167617798
0.02400520071387291
-0.23684599995613098
-0.2567000091075897
-0.06360019743442535
0.23423300683498383
0.04200439900159836
0.167043998837471
-0.025734400376677513
-0.04103250056505203
0.09484440088272095
0.14193199574947357
0.039518699049949646
0.3353700041770935
-0.033107999712228775
0.4125019907951355
0.20757800340652466
0.42621201276779175
0.009988670237362385
-0.003766000038012862
0.3272939920425415
0.031444501131772995
0.33257898688316345
0.6961299777030945
-0.03951200097799301
0.28542301058769226
0.3276970088481903
0.41646599769592285
0.3124600052833557
0.2813029885292053
0.27018699049949646
-0.03108000010251999
-0.1783059984445572
-0.02752009965479374
-0.28388598561286926
-0.024078600108623505
-0.392208993434906
0.10468000173568726
-0.2339179962873459
0.02140749990940094
-0.012255700305104256
0.05056510120630264
0.018028700724244118
-0.13425399363040924
-0.8384000062942505
-0.006990000139921904
0.15938599407672882
0.006744179874658585
-0.03591819852590561
-0.10463599860668182
0.1910949945449829
-0.2484550029039383
-0.17893600463867188
0.0973730981349945
0.10332299768924713
-0.04392709955573082
0.004694719798862934
-0.030073700472712517
0.006958879996091127
-0.026494100689888
-0.0062361001037061214
-0.04685189947485924
-0.04141170158982277
0.021216800436377525
-0.016287999227643013
0.022173499688506126
-0.01144769974052906
-0.015641899779438972
-0.028862299397587776
-0.008166899904608727
0.036867499351501465
0.004885820206254721
-0.00876029022037983
0.00870073027908802
0.004024410154670477
-0.005854499991983175
-0.029370099306106567
-0.0194007009267807
-0.0050947400741279125
0.01864049956202507
0.044451698660850525
-0.00724860979244113
0.04927780106663704
0.01812010072171688
0.0008638009894639254
0.04210029914975166
0.03856080025434494
-0.04222309961915016
-0.026899000629782677
-0.040848199278116226
-0.046506401151418686
0.026848100125789642
-0.04939579963684082
-0.03935619816184044
0.038548801094293594
0.02881079912185669
-0.01016009971499443
0.3464449942111969
-0.026553699746727943
0.32158899307250977
0.1641950011253357
0.3776499927043915
0.011022199876606464
0.03770250082015991
0.3361490070819855
-0.028496000915765762
0.43580201268196106
0.34482601284980774
-0.05268289893865585
0.24281899631023407
0.2594679892063141
0.4331969916820526
0.33823201060295105
0.2756839990615845
0.3285140097141266
0.13504500687122345
-0.005066520068794489
-0.060898199677467346
-0.6500759720802307
0.03612489998340607
-0.5723810195922852
0.1793449968099594
-0.5857890248298645
0.021721700206398964
-0.02610350027680397
0.47537800669670105
-0.011460499837994576
-0.4560120105743408
-0.31153398752212524
-0.010895700193941593
1.013890027999878
-0.11083400249481201
-0.6879159808158875
0.9403110146522522
-0.031031599268317223
-0.43557000160217285
0.11552300304174423
-0.2051679939031601
0.0720686987042427
0.4332219958305359
-0.038500599563121796
0.4665049910545349
0.37963300943374634
0.4638580083847046
-0.03984450176358223
-0.05336479842662811
0.3013249933719635
-0.027041500434279442
0.40735098719596863
0.43852800130844116
0.00979223009198904
-0.22917300462722778
0.4632290005683899
0.5535849928855896
-0.4366230070590973
0.3116840124130249
0.3960529863834381
-0.11581700295209885
-0.08086699992418289
-0.12199100106954575
0.4886719882488251
-0.030721599236130714
0.44641798734664917
0.15344800055027008
0.4281570017337799
-0.04412420094013214
-0.03357290104031563
0.2539770007133484
-0.002899169921875
0.2542639970779419
0.8600929975509644
-0.07395630329847336
-0.0922584980726242
0.29712098836898804
0.18478499352931976
-0.7051550149917603
0.1968729943037033
0.38361701369285583
-0.23313100636005402
-0.4446440041065216
0.012670299969613552
0.01983810029923916
-0.027004299685359
0.007040630094707012
0.026693999767303467
-0.04137679934501648
-0.015761399641633034
-0.026168599724769592
0.027395099401474
-0.05051629990339279
-0.014889700338244438
-0.014223099686205387
-0.036438800394535065
-0.024902600795030594
0.0023730299435555935
0.025898700580000877
-0.009534009732306004
-0.016966799274086952
-0.047600798308849335
-0.00808264035731554
0.028014499694108963
-0.010756700299680233
0.0008669209782965481
-0.007263300009071827
0.019291499629616737
-0.0038082399405539036
-0.052193500101566315
-0.023164700716733932
0.007518440019339323
-0.045636601746082306
0.018816199153661728
0.026464499533176422
-0.020189400762319565
0.013118799775838852
-0.01463059987872839
-0.05505570024251938
0.014372900128364563
-0.043916698545217514
-0.008590820245444775
-0.055859699845314026
0.031085699796676636
-0.038229800760746
-0.009481280110776424
0.328794002532959
0.03905950114130974
0.25470998883247375
0.3453260064125061
0.3202050030231476
0.03380589932203293
0.01853559911251068
0.07146620005369186
-0.03335859999060631
0.3128719925880432
0.23118500411510468
-0.0327007994055748
0.13414299488067627
0.27180200815200806
0.6169909834861755
0.12167800217866898
0.30100101232528687
0.33338499069213867
0.039947401732206345
-0.5189740061759949
-0.0036212101113051176
-0.34822699427604675
-0.024904999881982803
-0.45440900325775146
-0.051252901554107666
-0.8896859884262085
0.04637749865651131
-0.004787969868630171
0.20853300392627716
0.04502980038523674
-0.24244999885559082
-0.3769730031490326
0.011119900271296501
0.2129559963941574
0.00926132034510374
-0.6905180215835571
0.2745319902896881
0.04439609870314598
-0.43973198533058167
0.6872609853744507
0.4949040114879608
-0.1537349969148636
-0.1827400028705597
-0.03452349826693535
0.16552099585533142
0.23680800199508667
0.13997399806976318
0.02933260053396225
0.010580999776721
0.4783490002155304
-0.03504490107297897
0.11797100305557251
-0.11387000232934952
0.010221400298178196
0.2605080008506775
0.37700900435447693
0.4860430061817169
0.12504300475120544
0.25999200344085693
-0.03619220107793808
0.334850013256073
0.25379401445388794
-0.07501299679279327
0.3866429924964905
-0.024286599829792976
0.3141160011291504
0.27369898557662964
0.4562569856643677
-0.041308801621198654
0.03288770094513893
0.2564449906349182
-0.056387800723314285
0.3273259997367859
0.5846480131149292
-0.04035649821162224
0.15386900305747986
0.2723180055618286
0.45761001110076904
0.23809100687503815
0.28022000193595886
0.302496999502182
0.04141949862241745
-0.10443700104951859
-0.03979840129613876
-0.7279120087623596
-0.02806909941136837
-0.038649000227451324
-0.12039099633693695
-0.2842029929161072
-0.007918819785118103
-0.0064980098977684975
0.08614669740200043
-0.01324199978262186
-0.19060200452804565
-2.0798299312591553
-0.03279329836368561
0.4079209864139557
-0.13194400072097778
-0.2817550003528595
0.3991270065307617
-0.03651830181479454
-0.37910598516464233
-0.6507480144500732
0.1867620050907135
0.1102909967303276
0.4554699957370758
0.021759899333119392
0.24634000658988953
0.30013999342918396
0.3947319984436035
-0.005409980192780495
-0.04338559880852699
0.33463799953460693
0.0014162700390443206
0.2714889943599701
0.7305449843406677
-0.006809330079704523
-0.23197799921035767
0.35635900497436523
0.1655620038509369
-0.8937550187110901
0.2764669954776764
0.20567600429058075
0.12481100112199783
0.21538500487804413
-0.07123039662837982
0.4601820111274719
-0.028335699811577797
0.2296299934387207
0.30582401156425476
0.23009899258613586
-0.03950110077857971
-0.00415349006652832
0.2162880003452301
0.034988198429346085
0.3306660056114197
0.26979801058769226
0.03729709982872009
0.24099799990653992
0.21847400069236755
0.4365200102329254
0.30192500352859497
0.27439600229263306
0.3292979896068573
0.074270099401474
-0.46233901381492615
-0.012947199866175652
-0.04217030107975006
-0.046900201588869095
0.04604009911417961
0.025921300053596497
-0.014958499930799007
-0.0031414800323545933
0.045797500759363174
0.03226989880204201
-0.021817900240421295
-0.04451519995927811
-0.016754699870944023
0.02898010052740574
-0.03249309957027435
-0.011915000155568123
-0.00580595014616847
0.03810660168528557
-0.013998500071465969
-0.04481999948620796
0.004781209863722324
-0.04943370074033737
-0.008426089771091938
-0.31876298785209656
0.04654660075902939
-0.3993529975414276
0.2587760090827942
-0.2574490010738373
0.026950299739837646
-0.013227899558842182
0.2603690028190613
0.016616100445389748
-0.3663389980792999
-0.14993500709533691
0.0032328900415450335
0.4437279999256134
-0.0016523899976164103
-0.22355100512504578
0.28210699558258057
0.13259199261665344
-0.2505809962749481
0.23683799803256989
-0.3769510090351105
-0.0261158999055624
0.7629759907722473
-0.006964310072362423
0.20236100256443024
0.3767339885234833
0.1550550013780594
0.02006319910287857
0.00512928981333971
-0.0040549300611019135
-0.044183701276779175
0.24931100010871887
0.0985729992389679
-0.05397209897637367
-0.07208739966154099
0.038104098290205
0.36804598569869995
-0.42195799946784973
0.2903290092945099
0.31928300857543945
0.18891100585460663
-0.438603013753891
-0.00789692997932434
0.018879400566220284
0.047064200043678284
-0.041662298142910004
0.04071889817714691
0.012972899712622166
-0.008704190142452717
0.01343970000743866
0.02803800068795681
0.021079299971461296
0.010743600316345692
-0.07039079815149307
0.040304701775312424
-0.03613109886646271
-0.044596198946237564
-0.03726179897785187
0.01620049960911274
0.0010443199425935745
-0.004467179998755455
0.004844429902732372
-0.025982899591326714
-0.00744256004691124
-0.05078890174627304
0.0398062989115715
-0.022868599742650986
-0.0001128939984482713
-0.025265200063586235
-0.03939810022711754
0.008246270008385181
-0.028230000287294388
0.011770600453019142
0.034564901143312454
0.023465700447559357
-0.021338799968361855
0.01932080090045929
-0.006114650052040815
0.004906519781798124
0.03017760068178177
-0.04151270166039467
-0.019304100424051285
0.004300309810787439
-0.0066615501418709755
-0.009735650382936
0.20335200428962708
-0.3990510106086731
-0.04109380021691322
-0.030382100492715836
0.16144900023937225
-0.19348099827766418
-0.05607030168175697
-0.026859799399971962
0.02508530020713806
0.0070802499540150166
0.22277499735355377
-0.8447200059890747
0.0200314000248909
0.17773200571537018
0.49859100580215454
-0.20187699794769287
0.20220699906349182
0.03587669879198074
-0.23442399501800537
0.07834190130233765
-0.019364599138498306
0.01892079971730709
-0.2628360092639923
-0.012195000424981117
0.00715644983574748
0.027822300791740417
-0.7214570045471191
0.2848820090293884
0.1132270023226738
0.04156159982085228
0.04272019863128662
0.04699059948325157
-0.4246399998664856
0.1871509999036789
0.04074300080537796
-0.5175300240516663
0.42125600576400757
-0.003706440096721053
0.009468800388276577
-0.41623198986053467
0.16186200082302094
-0.020155299454927444
0.19051000475883484
-0.4259060025215149
-0.023505300283432007
-0.001988600008189678
0.10851500183343887
-0.9735509753227234
0.20153799653053284
0.2684890031814575
0.03583290055394173
-0.006991260219365358
0.20126299560070038
-0.11548899859189987
-0.07061930000782013
0.17405100166797638
1.4040700197219849
0.19656600058078766
0.12795500457286835
-0.04164019972085953
-1.6567699909210205
0.12920500338077545
0.01574449986219406
0.18329200148582458
-0.31598100066185
0.0027153301052749157
0.019964100793004036
0.12846800684928894
0.1636040061712265
0.12182100117206573
0.17973999679088593
0.016670800745487213
-0.0011473100166767836
0.10168000310659409
-0.9255340099334717
0.0848969966173172
0.16985300183296204
-1.0099799633026123
0.15482500195503235
0.1471090018749237
0.03567599877715111
0.24477100372314453
0.14859800040721893
-0.027574999257922173
-0.0347680002450943
0.05808519944548607
0.03541859984397888
-0.03650030121207237
-0.05058649927377701
0.16179899871349335
-0.2552590072154999
-0.7057920098304749
0.009939120151102543
0.03603779897093773
-0.034904301166534424
0.2951590120792389
0.21930299699306488
-0.04108479991555214
0.2793729901313782
-0.37626001238822937
-0.004595960024744272
0.019992200657725334
0.3078269958496094
-0.1597519963979721
0.05819439888000488
-0.016659600660204887
0.011412500403821468
-0.04684330150485039
0.022957099601626396
-0.051124099642038345
0.01951560005545616
-0.029980899766087532
0.03236820176243782
-0.03008290007710457
0.04749210178852081
0.0014519200194627047
-0.03828670084476471
-0.04056499898433685
-0.004663370084017515
-0.04316280037164688
-0.015372900292277336
0.034614499658346176
-0.007348340004682541
-0.020176200196146965
-0.03436480090022087
-0.009738519787788391
0.06502389907836914
-0.21916000545024872
0.0044413101859390736
0.04019790142774582
0.0021775299683213234
0.6884400248527527
-0.09137240052223206
0.029290800914168358
0.01025409996509552
0.0261026993393898
0.03194480016827583
0.0037480900064110756
0.0587599016726017
0.040278200060129166
-0.050811901688575745
-0.2797600030899048
0.027984699234366417
-0.019946299493312836
0.5682929754257202
-0.10413999855518341
-0.036251701414585114
0.06631919741630554
-0.46553099155426025
0.016231000423431396
0.016428399831056595
0.11729200184345245
0.43329399824142456
0.118988998234272
0.21598699688911438
-0.03974189981818199
0.002545089926570654
-0.016394099220633507
-0.07245069742202759
-0.0013834199635311961
0.07949340343475342
-0.08625590056180954
0.14047199487686157
0.08079630136489868
0.028621699661016464
0.19878099858760834
0.03381500020623207
0.016607999801635742
0.258199006319046
-0.2498749941587448
-0.003003810066729784
0.049218498170375824
0.23855699598789215
-0.5786430239677429
0.475382000207901
0.21002799272537231
0.003910040017217398
0.010427800007164478
0.18341700732707977
-0.25402501225471497
0.4326539933681488
0.2093539983034134
-0.34173500537872314
0.32376301288604736
0.173553004860878
0.006506510078907013
-0.5888400077819824
0.18307100236415863
0.03737359866499901
0.028831899166107178
0.4294230043888092
-0.013936099596321583
0.030694900080561638
0.0632672980427742
0.2605459988117218
-0.5826380252838135
-0.42560699582099915
0.05310770124197006
0.02525239996612072
-0.09640359878540039
0.49773499369621277
0.18825100362300873
-0.07145609706640244
0.37207499146461487
-0.2887980043888092
0.010213799774646759
-0.022945599630475044
0.3483699858188629
-0.2235420048236847
-0.04504920169711113
0.1881289929151535
-0.557013988494873
0.0408455990254879
-0.02136079967021942
0.17433099448680878
0.5398179888725281
0.22652000188827515
0.2519649863243103
-0.0331788994371891
0.04153579846024513
0.11405699700117111
-0.21887199580669403
0.09578890353441238
0.10950999706983566
-0.21759499609470367
0.2524400055408478
0.07729940116405487
0.012405600398778915
0.1842689961194992
0.17194299399852753
0.011759599670767784
0.27261999249458313
-0.18143199384212494
0.0027575900312513113
-0.006143270060420036
0.25705599784851074
0.05660939961671829
0.07923570275306702
0.09096089750528336
-0.006619180087000132
-0.007749720010906458
0.2269749939441681
-1.5965900421142578
0.1018889993429184
0.2932150065898895
-1.0543299913406372
0.19514599442481995
0.23930999636650085
0.01718970015645027
-0.056387100368738174
0.2149839997291565
-0.01699420064687729
0.01220639981329441
0.04468600079417229
0.0495912991464138
0.04834190011024475
-0.08251799643039703
0.07997819781303406
0.27779099345207214
0.22435800731182098
-0.013278299942612648
0.02616339921951294
-0.3359299898147583
0.025761699303984642
0.29778099060058594
-0.06321720033884048
-0.012935499660670757
0.287306010723114
-0.2614069879055023
-0.03240559995174408
-0.042923200875520706
-0.44928398728370667
0.07408200204372406
0.01650499925017357
0.0034500500187277794
0.0044501000083982944
0.030265800654888153
-0.020769499242305756
-0.0358412005007267
-0.02740499936044216
0.00674676988273859
-0.004444010090082884
0.019688600674271584
-0.044295500963926315
0.03325679898262024
-0.01541760005056858
0.013911399990320206
0.004292100202292204
-0.04820200055837631
0.03128359839320183
-0.03893519937992096
-0.038169700652360916
0.0003026869962923229
-0.0006945380009710789
-0.04163239896297455
-0.048428699374198914
0.04089770093560219
0.028441600501537323
-0.03667449951171875
-0.020483899861574173
0.029966499656438828
-0.05256669968366623
0.012284300290048122
-0.04509099945425987
0.034173399209976196
-0.02550089918076992
-0.0351748988032341
-0.017640499398112297
0.03847210109233856
-0.03377449885010719
0.03256760165095329
0.036735899746418
0.001573079964146018
-0.0010966300033032894
-0.010156800039112568
-0.024694399908185005
-0.0035440800711512566
-0.04194920137524605
-0.04588079825043678
0.026643700897693634
0.13716599345207214
-1.2421300411224365
-0.7723910212516785
-0.01927880011498928
-0.018447399139404297
-0.012434800155460835
0.08485870063304901
-0.03942989930510521
-0.014651300385594368
0.10683500021696091
-0.4573400020599365
0.04973959922790527
0.042176999151706696
0.05896579846739769
-0.14030200242996216
0.01774349994957447
-0.020392799749970436
-0.027292300015687943
0.023127900436520576
-0.041418299078941345
-0.045812200754880905
-0.015550600364804268
-0.02702620066702366
-0.008644700050354004
0.013531499542295933
-0.02107360027730465
-0.04970579966902733
-0.044740501791238785
0.0006061249878257513
0.027786800637841225
-0.03486210107803345
-0.04403829947113991
0.023177700117230415
0.01200880017131567
-0.04149720072746277
-0.043494999408721924
0.0
-0.030117899179458618
0.017557799816131592
0.047840699553489685
-0.0009347270242869854
-0.0319816991686821
-0.018045699223876
-0.04775020107626915
-0.013882899656891823
0.014465900138020515
-0.018031200394034386
0.011571399867534637
-0.009435189887881279
0.040523599833250046
0.003835800103843212
-0.007361430209130049
0.03434450179338455
0.045517098158597946
0.003960359841585159
-0.013659399934113026
-0.04389749839901924
-0.0020996599923819304
-0.016819600015878677
-0.021220900118350983
0.012689500115811825
0.046576399356126785
0.40549200773239136
-0.32513201236724854
0.0969901978969574
-0.008161219768226147
-0.09933269768953323
-0.019905000925064087
0.20780299603939056
0.2019670009613037
-0.028247300535440445
-0.36199599504470825
0.35687899589538574
-0.02292569912970066
-0.003910279832780361
-0.3744879961013794
0.04018779844045639
-0.0435137003660202
0.011065100319683552
-0.011661400087177753
0.005326509941369295
-0.24025200307369232
0.7454259991645813
0.39208999276161194
-0.1647070050239563
-0.08167760074138641
0.02464500069618225
0.11650999635457993
-0.013037700206041336
-0.03348670154809952
-0.03715340048074722
-0.016891999170184135
-0.49829599261283875
-0.11993099749088287
0.036521799862384796
-0.04921939969062805
-0.10172499716281891
-0.04880319908261299
-0.03728190064430237
0.0325625017285347
-0.012875099666416645
0.011470699682831764
0.1359499990940094
-0.10065200179815292
0.2570880055427551
-0.26860401034355164
0.33730199933052063
0.008692690171301365
-0.285955011844635
-0.19454799592494965
0.2168630063533783
0.44322100281715393
-0.19654299318790436
-0.04514870047569275
-0.0935404971241951
0.02341720089316368
-0.007089260034263134
-0.12307000160217285
-0.020291199907660484
-0.018566399812698364
0.006547589786350727
0.02535250037908554
-0.0031906000804156065
-0.08737339824438095
0.8410710096359253
0.387347012758255
-0.21756300330162048
0.04132410138845444
0.02696100063621998
0.21473799645900726
-0.004039629828184843
-0.40831801295280457
-0.19857999682426453
-0.06913609802722931
-0.04707660153508186
-0.38295701146125793
-0.039396099746227264
0.033380698412656784
-0.1372459977865219
0.0011601400328800082
-0.023975299671292305
0.044217199087142944
0.027929099276661873
-0.0051906900480389595
0.0010583699913695455
0.09233669936656952
-0.10697200149297714
-0.13485899567604065
0.22584499418735504
0.021235700696706772
-0.6341239809989929
-0.09274149686098099
0.22552700340747833
0.6107169985771179
-0.07301969826221466
-0.074099600315094
-0.5736299753189087
-0.01979519985616207
0.012511899694800377
0.41880500316619873
0.0019627800211310387
-0.0013559400103986263
0.024603400379419327
0.02326910011470318
0.02965090051293373
-0.20643100142478943
0.3033210039138794
0.45720699429512024
-0.054781701415777206
0.06178300082683563
0.029419999569654465
-0.024320799857378006
-0.14517900347709656
-0.11523599922657013
0.2531290054321289
-0.18016399443149567
-0.08564560115337372
-0.02238680049777031
-0.0337182991206646
0.02193490043282509
-0.085732601583004
-0.03185369819402695
0.02069989964365959
-0.021739499643445015
0.006907070055603981
-0.029942400753498077
-0.0665844976902008
0.3539640009403229
0.31444400548934937
-0.2077929973602295
0.08745550364255905
-0.00933264009654522
-0.03598799929022789
-0.17791199684143066
0.04229360073804855
0.2872309982776642
-0.2139970064163208
-0.10986500233411789
-0.05458590015769005
0.03593920171260834
0.003705869894474745
-0.04379649832844734
-0.04957820102572441
0.04741410166025162
-0.022408999502658844
-0.01149670034646988
-0.04241500049829483
-0.37357598543167114
0.2562499940395355
0.5708910226821899
0.07124949991703033
-0.3994710147380829
0.005549690220504999
-0.10503000020980835
-0.07176239788532257
-0.3695000112056732
0.32340800762176514
-0.0777617022395134
0.01592330075800419
0.005785089917480946
-0.02884560078382492
0.03469730168581009
0.5880669951438904
0.010321700014173985
-0.018210699781775475
-0.01220689993351698
-0.04355119913816452
-0.012707299552857876
0.03586050122976303
0.0677144005894661
-0.09824889898300171
-0.07495710253715515
0.34917598962783813
0.014820399694144726
-0.33331599831581116
-0.2677589952945709
0.2339800000190735
0.4746840000152588
-0.19515399634838104
-0.021435799077153206
-0.19907699525356293
-0.04286760091781616
0.0459459014236927
0.11224299669265747
-0.04856089875102043
-0.04164610058069229
-0.03802400082349777
0
1
