3
9
5
20
20
20
20
20
ReLU
ReLU
ReLU
ReLU
ReLU
Affine
0.9029939770698547
-0.17789000272750854
-0.09497140347957611
-0.01209890004247427
-0.3888779878616333
-0.25774499773979187
-0.24919100105762482
-0.09433220326900482
0.04602520167827606
-0.20849600434303284
-0.007341390009969473
0.1009489968419075
-0.8365839719772339
0.0510995015501976
-0.2141149938106537
-0.09280650317668915
0.6762030124664307
-0.11798500269651413
-0.22233399748802185
-0.010006199590861797
0.7182829976081848
-0.05917450040578842
-0.20049400627613068
-0.05513620004057884
0.7860159873962402
-0.04666069895029068
-0.1848589926958084
0.003581030061468482
1.3917800188064575
-0.022803399711847305
-0.10712999850511551
-0.005829949863255024
1.6930099725723267
-0.06125729903578758
-0.039422400295734406
-0.007274509873241186
-0.23121300339698792
-0.2292959988117218
-0.03282510116696358
-0.1259469985961914
0.8400449752807617
-0.016176000237464905
-0.19218799471855164
-0.09682170301675797
1.202739953994751
0.0007808979717083275
-0.14259900152683258
0.023970700800418854
2.0969998836517334
-0.1242780014872551
0.034808799624443054
0.01733569987118244
1.18586003780365
-0.24947099387645721
-0.06608650088310242
-0.028001200407743454
1.6299599409103394
0.010426499880850315
-0.17224299907684326
-0.030126800760626793
1.0075600147247314
-0.05772339925169945
-0.20139500498771667
-0.0631403997540474
-0.5700389742851257
0.18528400361537933
0.039048898965120316
0.09509749710559845
-0.3008350133895874
-0.24448299407958984
0.066771499812603
-0.01694370061159134
-0.4732480049133301
0.1835619956254959
-0.27778199315071106
-0.04179669916629791
0.8395599722862244
-0.26182299852371216
-0.13499599695205688
0.018454499542713165
-0.26931700110435486
0.19907599687576294
0.025130100548267365
-0.20951800048351288
0.12490099668502808
0.1641789972782135
0.21794499456882477
0.2554889917373657
0.06409219652414322
0.2835789918899536
-0.2009270042181015
0.19254200160503387
-0.6654059886932373
-0.08906470239162445
0.37386199831962585
0.1985349953174591
0.024890799075365067
0.08417530357837677
0.005856189876794815
-0.18771299719810486
-0.009167949669063091
0.2239370048046112
0.03469640016555786
0.06576760113239288
0.4196310043334961
0.12281300127506256
0.1899929940700531
0.1519549936056137
-0.0969213992357254
-0.021999699994921684
0.030485499650239944
0.2682740092277527
0.17480400204658508
0.7623260021209717
0.20576100051403046
-0.05326810106635094
0.12751099467277527
-0.19937700033187866
0.19838200509548187
0.21641600131988525
0.16465699672698975
-0.056948598474264145
-0.04188229888677597
0.22521400451660156
0.0955979973077774
-0.056025899946689606
0.1260180026292801
0.09645280241966248
0.11035100370645523
0.16037899255752563
0.1072629988193512
0.44350001215934753
0.3815320134162903
0.06536950170993805
-0.8157719969749451
-0.18020999431610107
0.14644399285316467
0.08645640313625336
-0.07387349754571915
0.04877319931983948
-0.09571100026369095
0.013459100387990475
-0.03762369975447655
-0.07871829718351364
0.11921100318431854
0.1299709975719452
-0.16682100296020508
0.17683400213718414
0.2581689953804016
0.1643580049276352
0.26107099652290344
0.12268900126218796
0.30682501196861267
0.12333299964666367
0.15989600121974945
-0.6004520058631897
0.04699600115418434
0.23910599946975708
0.25729599595069885
-0.009090229868888855
-0.0009288329747505486
-0.07814159989356995
0.03837620094418526
-0.041516900062561035
-0.05047279968857765
-0.02201009914278984
-0.022371700033545494
-0.03167349845170975
0.014375699684023857
0.007539719808846712
0.012769299559295177
-0.024449100717902184
0.022800199687480927
-0.035541098564863205
-0.048552799969911575
-0.01808520033955574
-0.005687950178980827
-0.038069501519203186
-0.0006612369907088578
0.022144200280308723
-0.04269289970397949
0.04788459837436676
-0.0482419990003109
0.04248829931020737
-0.008271969854831696
-0.10120599716901779
-0.07879730314016342
0.23090900480747223
-0.29774200916290283
0.06521309912204742
0.13121800124645233
0.18705900013446808
0.5540109872817993
0.6656460165977478
0.19596099853515625
-0.5016980171203613
0.14388300478458405
0.16099700331687927
-0.47873398661613464
0.5702250003814697
0.36950498819351196
0.1867469996213913
-0.17272700369358063
-0.37618499994277954
-0.152197003364563
0.04544829949736595
0.05794550105929375
-0.36151498556137085
0.14071699976921082
-0.06562499701976776
0.1860239952802658
0.13036499917507172
0.10785699635744095
0.11228500306606293
0.02487489953637123
-0.24216000735759735
-0.882515013217926
0.17437799274921417
-1.007680058479309
-0.01634890027344227
0.11891400068998337
0.16405799984931946
-0.06530530005693436
-0.2690039873123169
-0.12722399830818176
0.17016799747943878
-0.046871498227119446
-0.13838499784469604
0.1219400018453598
0.12665799260139465
-0.5405099987983704
0.12061899900436401
0.01231830008327961
0.11897599697113037
0.08921200037002563
-0.28214600682258606
0.20394499599933624
-0.4888310134410858
0.24531899392604828
-0.9512749910354614
0.1984120011329651
0.04453219845890999
-0.12113600224256516
-0.15386299788951874
-0.29025599360466003
-0.20064400136470795
0.030546899884939194
0.02084380015730858
-0.2359600067138672
0.15333299338817596
0.1727380007505417
-0.270889014005661
0.14973300695419312
0.13374799489974976
0.2122420072555542
0.24444599449634552
0.2145259976387024
0.43789100646972656
-0.2522970139980316
0.24314899742603302
-0.41269299387931824
-0.11354800313711166
0.21177299320697784
0.20459799468517303
-0.04042619839310646
-0.027785200625658035
-0.22266100347042084
-0.12858200073242188
-0.026575900614261627
0.004483940079808235
0.007602959871292114
0.006665419787168503
-0.02808300033211708
-0.05089560151100159
0.01898909918963909
-0.0011449899757280946
-0.0198976993560791
0.0018522900063544512
-0.03443409875035286
0.03633259981870651
0.04338569939136505
-0.005832049995660782
0.036163799464702606
-0.015202700160443783
-0.018594300374388695
-0.029501600190997124
-0.05357930064201355
0.04278559982776642
-0.05404889956116676
-0.0037643699906766415
-0.012469599954783916
0.0005789619754068553
0.19319799542427063
-0.09642220288515091
0.11287199705839157
0.18682900071144104
0.17320899665355682
0.19168999791145325
0.20674900710582733
0.49192601442337036
-0.2875719964504242
0.16661599278450012
-0.33348599076271057
-0.21847499907016754
0.21373799443244934
0.25604701042175293
0.08187860250473022
-0.024003300815820694
-0.40789100527763367
-0.001865430036559701
-0.02230129949748516
0.08292470127344131
0.24881500005722046
0.1068200021982193
0.12352500110864639
0.14145499467849731
0.16209399700164795
0.08363030105829239
0.027721799910068512
-0.05885380133986473
-0.1915140002965927
0.4506630003452301
0.018730999901890755
-0.9269350171089172
-0.10644599795341492
0.0997224971652031
0.10215800255537033
-0.00246004993095994
-0.14651000499725342
-0.03409050032496452
0.12477599829435349
-0.05440650135278702
0.22742900252342224
-0.14084100723266602
-8.55983016663231e-05
0.12040600180625916
0.017490800470113754
0.03562119975686073
0.08221740275621414
-0.0228170994669199
-0.5126450061798096
0.06800620257854462
-0.640870988368988
0.025095999240875244
-2.274290084838867
-0.20027799904346466
0.05883760005235672
0.023689499124884605
0.07379069924354553
-0.1762010008096695
0.1499509960412979
0.0449317991733551
-0.03253069892525673
0.2630549967288971
-0.23300500214099884
-0.03888940066099167
0.20762799680233002
0.022975999861955643
0.04115090146660805
0.0870995968580246
0.0009703689720481634
-0.4547249972820282
-0.445917010307312
-0.56072598695755
-0.021717200055718422
-1.9162800312042236
0.017909200862050056
0.07196319848299026
0.06106510013341904
0.06887009739875793
-0.2460930049419403
0.1577730029821396
-0.03596379980444908
-0.03486980125308037
0.008290180005133152
0.002256870036944747
-0.032784901559352875
0.01051149982959032
0.012388300150632858
-0.04265059903264046
-0.024159900844097137
0.02045530080795288
-0.02583719976246357
0.00791280996054411
-0.03631279990077019
-0.03389500081539154
-0.03226659819483757
0.023099200800061226
0.017402000725269318
-0.0612122006714344
-0.027664199471473694
0.030562900006771088
-0.018602799624204636
-0.013661099597811699
-0.010295500047504902
0.12750600278377533
0.1654379963874817
0.11237899959087372
-0.48322200775146484
0.13530099391937256
0.10172200202941895
0.08007980138063431
0.1506499946117401
0.1754249930381775
0.6082389950752258
-0.24084199965000153
0.09974809736013412
-0.5181220173835754
0.01920969970524311
0.14897499978542328
-0.06551960110664368
-0.11119399964809418
0.039905399084091187
-0.3024260103702545
0.07688459753990173
-0.025607800111174583
-0.05287310108542442
0.11301600188016891
0.12118399888277054
-0.4023819863796234
0.18583400547504425
0.14969199895858765
0.11760199815034866
0.08470849692821503
0.035808298736810684
0.6212390065193176
-0.4136269986629486
0.23075400292873383
-0.7565540075302124
0.08085980266332626
0.06339559704065323
0.01528680045157671
-0.036568399518728256
-0.10343600064516068
-0.255605012178421
0.1052590012550354
-0.018424099311232567
0.15260300040245056
-0.3333379924297333
0.10921400040388107
0.2849009931087494
0.1525530070066452
0.21616199612617493
0.1832599937915802
0.08498229831457138
-0.06615380197763443
-0.19106799364089966
-0.008028309792280197
0.0752360001206398
-0.8727779984474182
-0.025647899135947227
0.10408099740743637
0.21213799715042114
-0.07202830165624619
-0.5196419954299927
0.007803599815815687
0.11119599640369415
-0.06378789991140366
0.19540199637413025
0.06001310050487518
-0.0722862035036087
0.2575570046901703
-0.03161950036883354
0.07136770337820053
0.04211980104446411
0.10806799679994583
0.36353600025177
-0.46361398696899414
0.2099120020866394
-0.013099100440740585
0.26159000396728516
-0.7062739729881287
0.23834699392318726
0.0758109986782074
0.23808099329471588
-0.0728297010064125
0.16067500412464142
0.20496299862861633
-0.031619198620319366
0.03438879922032356
0.22543400526046753
0.05092860013246536
0.193449005484581
0.13800999522209167
0.15852999687194824
0.1528950035572052
0.055203601717948914
-0.08981160074472427
-0.2515679895877838
0.231330007314682
0.08951999992132187
-1.084220051765442
-0.11124099791049957
0.050086699426174164
0.014242500066757202
0.020401200279593468
-0.07294569909572601
-0.062978096306324
0.1472180038690567
-0.039590898901224136
0.6645219922065735
-1.1079299449920654
-0.10091499984264374
0.19432899355888367
0.005270970053970814
-0.14398999512195587
0.09398309886455536
0.32595500349998474
-0.101453997194767
0.04205920174717903
-0.3420499861240387
0.6496729850769043
0.6319190263748169
0.18506599962711334
-0.0025896800216287374
-0.21535399556159973
-0.11608900129795074
0.3880369961261749
-0.511663019657135
0.8553860187530518
0.028033500537276268
0.2275809943675995
-0.5875629782676697
0.15612700581550598
0.21450600028038025
0.012251700274646282
0.2084210067987442
0.5190790295600891
0.14030799269676208
0.17703600227832794
-0.030859699472784996
0.008036470040678978
0.268094003200531
0.5884249806404114
0.5068899989128113
0.011973399668931961
0.1687919944524765
0.16297799348831177
0.6516600251197815
-0.6770269870758057
0.2460000067949295
-0.004000179935246706
-0.010032299906015396
-0.010790600441396236
-0.04495599865913391
-0.007401539944112301
0.02416509948670864
-0.04434939846396446
-0.023608099669218063
0.037967998534440994
-0.02233560010790825
0.011317799799144268
0.005435919854789972
0.022394999861717224
0.03050200082361698
-0.016730299219489098
-0.01995770074427128
-0.024953199550509453
-0.010237500071525574
-0.04248230159282684
0.039714500308036804
0.025754500180482864
-0.012602499686181545
0.43065500259399414
-0.5725749731063843
0.21561199426651
0.34327301383018494
-0.0011846700217574835
0.17027099430561066
0.557898998260498
0.15141700208187103
0.22756700217723846
-0.0193231999874115
0.12610900402069092
0.2943730056285858
0.8668220043182373
0.7707459926605225
-0.023337099701166153
0.21392999589443207
0.26459598541259766
0.6196650266647339
-0.4860970079898834
0.3140609860420227
-0.044948700815439224
0.4635930061340332
-0.8198509812355042
0.124099001288414
0.3196370005607605
-0.002310540061444044
0.264151006937027
0.5106480121612549
0.15463900566101074
0.3667669892311096
-0.03975300118327141
0.208064004778862
0.08834149688482285
0.8806970119476318
0.7067549824714661
-0.03727779909968376
-0.16776299476623535
0.04441539943218231
0.6361240148544312
-0.27540498971939087
-0.0049103498458862305
-0.04962389916181564
0.14821599423885345
-0.4382080137729645
0.3363350033760071
0.1544719934463501
-0.005837390199303627
0.18164999783039093
0.6289939880371094
0.1359419971704483
0.3333050012588501
-0.03586769849061966
0.2709450125694275
0.11298500001430511
0.7753520011901855
0.9066900014877319
-0.00891019031405449
0.4714980125427246
0.31453898549079895
0.658499002456665
-0.5869359970092773
0.06566789746284485
-0.007808720227330923
0.15105299651622772
-0.47938498854637146
0.38443899154663086
0.20788399875164032
-0.033126700669527054
0.30324700474739075
0.6041550040245056
0.05127720162272453
0.35707399249076843
0.02216929942369461
0.2813659906387329
-0.0166253000497818
0.5992460250854492
0.6091780066490173
0.004768290091305971
0.49592098593711853
0.3665339946746826
0.6381970047950745
-0.7067710161209106
-0.023191599175333977
-0.029569700360298157
0.16439400613307953
-0.4706310033798218
0.5135599970817566
-0.08962219953536987
0.007783370092511177
0.4348579943180084
0.5855010151863098
-0.4374859929084778
0.13502399623394012
-0.02622630074620247
0.1807209998369217
0.17525599896907806
0.4225679934024811
0.47127801179885864
-0.03194360062479973
0.15547700226306915
0.005895160138607025
0.6048359870910645
-0.1571889966726303
0.09106449782848358
-0.035917699337005615
-0.2736450135707855
-0.1043429970741272
0.018727600574493408
-0.241784006357193
-0.0375789999961853
-0.023871000856161118
-0.09632620215415955
-0.07972259819507599
-0.24004900455474854
-0.023188799619674683
-0.31777501106262207
0.11214199662208557
-0.39606401324272156
-0.5593559741973877
-0.022985700517892838
-0.12125000357627869
-0.04750800132751465
0.06600269675254822
0.14491599798202515
0.0840132012963295
0.04302949830889702
0.4848029911518097
-0.7507550120353699
-0.015426999889314175
0.3013319969177246
-0.039550598710775375
0.22724799811840057
0.2866629958152771
-0.18725700676441193
0.2503949999809265
0.0048029301688075066
0.048002101480960846
-0.0588688999414444
1.1167099475860596
0.8454279899597168
-0.037578001618385315
0.06077450141310692
-0.05601159855723381
0.524948000907898
-0.5865979790687561
-0.15347999334335327
-0.026666099205613136
-0.09480500221252441
0.6576030254364014
-0.07633619755506516
0.05464649945497513
-0.04343720152974129
-0.03188860043883324
-0.4458549916744232
-0.1699109971523285
-0.0009153489954769611
0.012353399768471718
0.029227500781416893
-0.2448129951953888
-0.7868289947509766
-0.7769539952278137
-0.029889000579714775
-0.12570199370384216
-0.18549899756908417
-0.46961599588394165
0.5106589794158936
-0.18440799415111542
0.1093979999423027
0.4050619900226593
-0.6385890245437622
0.07085750252008438
0.23066900670528412
0.04626460000872612
0.20815399289131165
0.44261500239372253
0.1879969984292984
0.17391400039196014
0.03397919982671738
0.0340925008058548
0.2790670096874237
0.8251619935035706
0.6500300168991089
-0.037425000220537186
0.1703149974346161
0.13375799357891083
0.5782610177993774
-0.5346919894218445
0.2226320058107376
-0.021267900243401527
0.2056729942560196
-0.6459770202636719
0.15275199711322784
0.13637399673461914
0.03838780149817467
0.28295600414276123
0.5193650126457214
-0.036958400160074234
0.2182140052318573
-0.03701020032167435
0.2608009874820709
0.1401289999485016
0.7250120043754578
0.6350589990615845
-0.025996699929237366
0.2509379982948303
0.2054229974746704
0.6797549724578857
-0.4717719852924347
0.11210600286722183
-0.011937799863517284
0.01815290004014969
-0.050382599234580994
-0.002055190037935972
0.014453199692070484
0.017699699848890305
-0.013609100133180618
0.04163379967212677
-0.018719399347901344
-0.03984550014138222
0.044557999819517136
-0.030393600463867188
-0.03878670185804367
-0.014737499877810478
-0.05022849887609482
0.0014400000218302011
0.03750130161643028
0.03070330061018467
0.03389199823141098
-0.037868600338697433
-0.024218300357460976
-0.008428700268268585
0.18469199538230896
-0.6148980259895325
0.516871988773346
0.08631519973278046
0.0023263099137693644
0.30283600091934204
0.402197003364563
-0.32865700125694275
0.3123840093612671
-0.015074299648404121
0.37133800983428955
0.07179050147533417
0.9732159972190857
1.0094000101089478
0.02936430089175701
0.1607850044965744
0.018489200621843338
0.6179969906806946
-0.6903570294380188
0.01620279997587204
-0.025761600583791733
0.34485501050949097
-0.6849089860916138
0.04817710071802139
0.10719899833202362
-0.021866099908947945
0.3237819969654083
0.4148150086402893
0.13135699927806854
0.33580300211906433
0.029194500297307968
0.2216549962759018
0.06491930037736893
0.7106860280036926
0.6167439818382263
0.01621839962899685
0.12867599725723267
0.1535239964723587
0.5937079787254333
-0.33327001333236694
0.06571110337972641
-0.03330489993095398
0.20803800225257874
-0.3565700054168701
-0.22115999460220337
-0.4904699921607971
-0.01354840025305748
0.2683979868888855
-0.6467739939689636
0.027896899729967117
0.17258800566196442
-0.020341699942946434
0.08595799654722214
-0.25538599491119385
-0.5729449987411499
-0.6611469984054565
-0.010711000300943851
-0.7024009823799133
-0.09582909941673279
-0.5529959797859192
0.5817319750785828
-0.350477010011673
-0.12892700731754303
0.2242940068244934
-0.500111997127533
0.23599399626255035
0.07816909998655319
-0.02333570085465908
0.22264699637889862
0.611178994178772
0.0660971999168396
0.2864159941673279
0.005926449783146381
0.24113799631595612
0.12848399579524994
0.390377014875412
0.40228700637817383
-0.03517590090632439
0.31581100821495056
0.2986220121383667
0.6633930206298828
-0.5066980123519897
0.1525219976902008
0.006272269878536463
0.18502700328826904
-0.26051199436187744
0.20052100718021393
0.2685439884662628
0.017707400023937225
0.23116399347782135
0.8050010204315186
0.2794179916381836
0.3164139986038208
-0.03793729841709137
0.17026199400424957
0.16266800463199615
-0.006119139958173037
-0.23486100137233734
-0.013856999576091766
0.3577679991722107
0.34220901131629944
0.6302430033683777
-0.8086349964141846
0.11021500080823898
-0.005408020224422216
-0.05602480098605156
0.12099599838256836
-0.444707989692688
0.24459600448608398
-0.024003900587558746
0.5574560165405273
0.06494089961051941
-0.6729699969291687
0.16624900698661804
-0.03322650119662285
0.33218398690223694
-0.5169479846954346
-0.6348680257797241
-0.2581929862499237
-0.0166338998824358
-0.373106986284256
-0.4897800087928772
-0.15132799744606018
0.303056001663208
-0.4008580148220062
-0.047844298183918
0.5784469842910767
0.3351370096206665
-0.019053200259804726
0.0735907033085823
1.2822699546813965
0.17717300355434418
0.04890120029449463
0.30050501227378845
-0.20029699802398682
0.8423410058021545
-0.3294149935245514
0.39699599146842957
0.34275999665260315
-0.0008078850223682821
0.3082070052623749
0.4873189926147461
1.317080020904541
0.17284899950027466
0.0034197201021015644
0.03214779868721962
0.01571829989552498
-0.015583399683237076
0.029414599761366844
-0.03708630055189133
0.03271140158176422
-0.03806139901280403
-0.04879559949040413
-0.04955950006842613
-0.042158398777246475
-0.04025230184197426
0.028848299756646156
-0.049540601670742035
0.0078071001917123795
0.006189499981701374
0.022654399275779724
0.03257159888744354
-0.026462500914931297
0.04224710166454315
0.02554279938340187
0.02417300082743168
-0.041882701218128204
-0.003385009942576289
0.21096199750900269
0.15794700384140015
0.01597359962761402
0.15372300148010254
0.9180480241775513
0.05604809895157814
-0.05540059879422188
0.3292219936847687
-0.28183600306510925
0.46270498633384705
-0.11077900230884552
0.17184199392795563
0.261258989572525
0.04205140098929405
0.19727200269699097
0.4697270095348358
1.2541999816894531
0.16309800744056702
0.01652589999139309
-0.2068209946155548
0.0476498007774353
0.46832001209259033
0.39512598514556885
-0.013445000164210796
0.36216500401496887
0.4173330068588257
-0.08963549882173538
-0.3705340027809143
0.23367899656295776
-0.02080260030925274
0.019483299925923347
-0.10499899834394455
0.45743799209594727
0.06233169883489609
-0.04202819988131523
-0.5461170077323914
0.2018910050392151
1.3697700500488281
0.07177639752626419
0.2084439992904663
-0.17148999869823456
-0.0034442399628460407
-0.036490298807621
0.5757570266723633
0.023852799087762833
0.792477011680603
0.18400700390338898
0.36045899987220764
0.4767630100250244
0.05876459926366806
-0.06083979830145836
0.05622119829058647
-0.29784199595451355
0.5604140162467957
0.22105400264263153
0.00029617801192216575
0.1329440027475357
0.22374899685382843
0.3833169937133789
0.37600499391555786
0.8098220229148865
-1.5706599950790405
-0.022555600851774216
-0.2991580069065094
0.4466550052165985
0.03495069965720177
0.40744099020957947
1.0106199979782104
0.4115619957447052
0.6483849883079529
0.5475860238075256
-0.16765600442886353
0.5936300158500671
-0.2658570110797882
0.4274359941482544
0.41305699944496155
-0.017192399129271507
0.6246790289878845
0.6082800030708313
1.1664400100708008
0.4191179871559143
0.3460560142993927
0.05682089924812317
-0.07815369963645935
-0.14771400392055511
0.2958180010318756
0.04003660008311272
0.1522980034351349
1.1269899606704712
0.2959510087966919
0.4170669913291931
0.4933989942073822
0.04557570070028305
0.6954489946365356
-0.20012100040912628
0.13771499693393707
0.42556899785995483
0.04213910177350044
1.1754599809646606
0.29300999641418457
1.4732600450515747
0.22819699347019196
0.08763989806175232
-0.6142510175704956
-0.0009219300118274987
0.7214400172233582
0.4323889911174774
-0.03598469868302345
0.555079996585846
0.07407379895448685
0.09943360090255737
0.014360800385475159
-0.1912740021944046
0.04154450073838234
0.21796700358390808
-0.33209800720214844
0.5620869994163513
0.10538800060749054
0.027670400217175484
-0.14725500345230103
0.23281799256801605
0.32183700799942017
0.1080939993262291
0.4675869941711426
-1.9106600284576416
-0.02321860007941723
-0.9523040056228638
0.1385750025510788
-0.0467400997877121
-0.0038985600695014
-0.03748450055718422
0.31955501437187195
0.162321999669075
0.5429549813270569
-0.030476799234747887
-0.5784199833869934
-0.10795799642801285
-0.13074900209903717
0.3416999876499176
0.02947710081934929
0.2693740129470825
0.14833900332450867
0.3878310024738312
0.1843169927597046
0.5806570053100586
0.07554949820041656
0.004466789774596691
0.44266200065612793
0.13179799914360046
0.023715399205684662
0.18256500363349915
0.8159589767456055
-0.042270299047231674
-0.2163340002298355
0.49233201146125793
-0.3694919943809509
0.4611069858074188
-0.025403600186109543
0.23544299602508545
0.19219300150871277
0.030217599123716354
-0.1516440063714981
0.4470230042934418
0.9760479927062988
0.12344300001859665
-0.09602619707584381
-0.18138599395751953
0.04217299818992615
-0.026713600382208824
-0.029632799327373505
-0.03301459923386574
0.002027509966865182
-0.04087530076503754
-0.021801600232720375
-0.024295799434185028
-0.03374610096216202
0.028172900900244713
-0.04578249901533127
-0.006725950166583061
-0.04894870147109032
0.038202300667762756
0.0018244299571961164
-0.0321446992456913
0.008365780115127563
-0.02591880038380623
-0.01849439926445484
-0.002146190032362938
-0.0014266599901020527
-0.006092349998652935
0.03504030033946037
-0.013201800175011158
-0.02257310040295124
-0.043549198657274246
-0.0163566991686821
0.0093758599832654
-0.05589120090007782
-0.0006325679714791477
-0.023787500336766243
-0.011927999556064606
-0.025951899588108063
-0.02706269919872284
0.01674789935350418
0.011625000275671482
0.027996299788355827
-0.021020900458097458
0.04036350175738335
0.008255239576101303
-0.0552155002951622
0.001634289976209402
-0.008120279759168625
0.7215780019760132
0.15394699573516846
0.027810199186205864
0.08299999684095383
0.908420979976654
-0.21021799743175507
-0.3990730047225952
0.39414501190185547
-0.3555920124053955
0.6252470016479492
-0.06910070031881332
0.33943799138069153
0.1401270031929016
-0.012786200270056725
-0.23055499792099
0.5083330273628235
1.0874300003051758
0.015237700194120407
-0.26004600524902344
-0.3014799952507019
0.061738599091768265
-0.01766340062022209
-0.02492390014231205
0.03457120060920715
0.04429300129413605
0.034478701651096344
-0.03822359815239906
-0.04700839892029762
0.018637200817465782
-0.03660010173916817
0.03958490118384361
-0.005638909991830587
0.021692000329494476
-0.0014470500173047185
-0.01944980025291443
0.029600100591778755
-0.014991000294685364
0.0006919719744473696
-0.04842739924788475
-0.012647800147533417
-0.017862899228930473
-0.0035154400393366814
0.5455790162086487
0.3575719892978668
-0.0247809998691082
0.22144800424575806
0.870290994644165
0.07377579808235168
-0.18025699257850647
0.2459699958562851
0.052261900156736374
0.45168599486351013
-0.27008500695228577
0.34838199615478516
0.2330320030450821
0.040936101227998734
-0.06849270313978195
0.3774760067462921
1.6298400163650513
0.14706900715827942
0.0598222017288208
-0.03169580176472664
0.011801999993622303
-0.0027650799602270126
0.01616629958152771
-0.029122499749064445
-0.04121920093894005
0.04926929995417595
-0.02578910067677498
-0.038377899676561356
0.023580700159072876
-0.008458280004560947
0.012377499602735043
-0.03492610156536102
-0.04717539995908737
0.005007329862564802
-0.04296660050749779
0.03212910145521164
-0.042634498327970505
-0.04377159848809242
-0.04936790093779564
0.0167929008603096
0.0068144300021231174
-0.0006936599966138601
-0.13741500675678253
0.46805599331855774
-0.020551500841975212
0.5049890279769897
0.473006010055542
0.3319709897041321
0.4130370020866394
0.49235400557518005
-0.01676739938557148
0.3638420104980469
-0.30985400080680847
0.48491600155830383
0.32609298825263977
0.030636999756097794
0.3494749963283539
0.4876660108566284
0.7987369894981384
0.3582319915294647
0.5101400017738342
-0.5586079955101013
0.0006441390141844749
0.014735300093889236
-0.059716299176216125
0.004912619944661856
-0.007458889856934547
-0.019015999510884285
0.016047200188040733
-0.060236599296331406
-0.022316599264740944
-0.014636999927461147
-0.004007230047136545
-0.02731039933860302
0.021268900483846664
0.025089599192142487
0.03214329853653908
-0.016600599512457848
-0.012954499572515488
-0.03799140080809593
0.027680499479174614
-0.052527301013469696
0.02945829927921295
-0.011491900309920311
0.011679200455546379
0.44889700412750244
-0.04491410031914711
0.4693869948387146
0.23979200422763824
0.024997800588607788
-0.0514151006937027
0.10998599976301193
-0.010507100261747837
-0.18220099806785583
-0.07871939986944199
0.3604640066623688
0.09901220351457596
0.008475029841065407
-0.14811600744724274
0.0509721003472805
1.4509299993515015
0.09877289831638336
0.5808680057525635
-0.21120800077915192
0.009514070115983486
-0.030156899243593216
-0.5697960257530212
0.010733800008893013
-0.6797500252723694
-0.6194999814033508
-0.25864800810813904
-0.7536219954490662
-0.5829709768295288
0.032063499093055725
-1.890679955482483
0.22795799374580383
-0.7817639708518982
-0.8318380117416382
-0.025920899584889412
-1.1997599601745605
-0.6630740165710449
-0.20975400507450104
-0.15793299674987793
-0.2388090044260025
-0.1820099949836731
0.058585699647665024
-0.6418129801750183
-0.0006308499723672867
-0.16711300611495972
-0.276775985956192
0.6881080269813538
-0.05691630020737648
0.4627569913864136
-0.15730799734592438
0.31713300943374634
-0.15264900028705597
-0.022172700613737106
0.02593280002474785
-0.14549000561237335
-0.014965799637138844
-0.5856639742851257
0.014838499948382378
0.2573690116405487
0.016711199656128883
0.0024227299727499485
0.30404001474380493
0.019133200868964195
0.37856701016426086
0.0011969800107181072
0.2759320139884949
0.3693940043449402
0.4786809980869293
0.5378109812736511
0.24574699997901917
0.069834403693676
0.552174985408783
0.22423000633716583
-0.01616849936544895
0.02119770087301731
0.14775699377059937
-0.003364220028743148
0.4819610118865967
-0.00898084044456482
0.48131999373435974
-0.0442781001329422
0.33077600598335266
0.7746000289916992
-0.14544199407100677
-0.6266779899597168
0.0023805999662727118
-0.11996500194072723
0.0199452992528677
1.0627599954605103
-0.22958000004291534
-0.3893130123615265
0.6552029848098755
0.4673730134963989
-0.029005300253629684
0.026007000356912613
0.009238160215318203
-0.17739200592041016
-0.028666000813245773
-0.21359699964523315
-0.013725800439715385
-0.10911600291728973
0.012242400087416172
0.07908560335636139
0.4579800069332123
0.10091699659824371
0.5957499742507935
-0.022836599498987198
0.2425599992275238
0.18557199835777283
-0.3003549873828888
-0.15930399298667908
0.3136120140552521
-0.184906005859375
-1.7839299440383911
0.31406399607658386
0.025338400155305862
0.028967000544071198
0.5637750029563904
-0.01854260079562664
0.3353610038757324
0.04305789992213249
-0.18503999710083008
0.008933110162615776
-0.28847599029541016
0.06476130336523056
-0.009162429720163345
0.1454080045223236
-0.023518400266766548
0.12505100667476654
0.3499569892883301
0.5670080184936523
-0.060943301767110825
-0.026531999930739403
0.5991790294647217
0.008480779826641083
0.1658170074224472
-0.045723799616098404
-0.04126159846782684
0.26673299074172974
-0.026729200035333633
0.3350520133972168
-0.03428240120410919
0.2815380096435547
-0.011696700006723404
0.34792500734329224
0.3686339855194092
-0.012817399576306343
-0.03270930051803589
-0.04783869907259941
-0.013382899574935436
0.016820000484585762
0.027675800025463104
-0.009856009855866432
-0.05447649955749512
0.03932660073041916
-0.039412401616573334
-0.011319500394165516
0.04733709990978241
0.00818604975938797
0.017344899475574493
-0.03679110109806061
-0.025821499526500702
0.04604019969701767
0.022101499140262604
0.010436899960041046
-0.054448001086711884
-0.02602420002222061
-0.0017206099582836032
0.32717999815940857
-0.038609400391578674
0.25844499468803406
0.05848639830946922
0.11998599767684937
0.5194529891014099
0.4444740116596222
-0.47760099172592163
0.6031280159950256
0.1645449995994568
-0.008475259877741337
-0.028256800025701523
0.17286300659179688
0.01301840040832758
0.26239100098609924
-0.020856700837612152
0.4236220121383667
0.007184899877756834
0.2361059933900833
0.15473799407482147
0.010662299580872059
-0.15620799362659454
0.03345249965786934
-0.05604109913110733
-0.11676999926567078
0.12577199935913086
0.0449180006980896
0.2520830035209656
-0.4122669994831085
0.6163790225982666
-0.1310500055551529
-0.009508379735052586
-0.015124600380659103
-0.3772270083427429
-0.041315000504255295
-0.17132000625133514
-0.0033160399179905653
0.17164599895477295
0.04392709955573082
0.1335040032863617
-0.7344350218772888
-0.0016395100392401218
0.23796899616718292
-0.01957939937710762
0.07693109661340714
0.4963189959526062
0.4235990047454834
-0.8177909851074219
-0.3021880090236664
1.1354000568389893
-0.742214024066925
0.2504909932613373
0.048283398151397705
0.051274899393320084
0.4146679937839508
-0.03441999852657318
0.3893490135669708
0.012032300233840942
0.13094499707221985
0.017710400745272636
0.16551899909973145
-0.31548699736595154
0.07065790146589279
-0.033567700535058975
-0.0195934996008873
-0.04986770078539848
-0.03959159925580025
-0.026479199528694153
-0.031792301684617996
-0.01722240075469017
-0.017124800011515617
-0.04419820010662079
-0.04566569998860359
-0.027864599600434303
-0.04078260064125061
0.009211000055074692
0.04577530175447464
0.0022380000445991755
0.0019562500528991222
-0.009478899650275707
0.028238799422979355
-0.020946400240063667
0.004969680216163397
-0.007697619963437319
0.25548699498176575
0.0038375600706785917
0.20757199823856354
-0.1186859980225563
-1.3367500305175781
0.3222630023956299
0.40268099308013916
-1.6201200485229492
0.04959069937467575
0.14156700670719147
0.040797099471092224
-0.031105700880289078
0.12845300137996674
-0.012266100384294987
0.022551899775862694
-0.04359050095081329
-0.4305259883403778
0.039755698293447495
-0.04368869960308075
-0.2778179943561554
0.18052299320697784
0.03037310019135475
0.0004451650020200759
0.04534260183572769
0.00392231997102499
-0.040018901228904724
-0.03403779864311218
0.04100079834461212
-0.01995369978249073
-0.003954530227929354
-0.025282099843025208
0.04780140146613121
-0.002871310105547309
-0.02264769934117794
0.044795598834753036
-0.004156489856541157
-0.03458670154213905
-0.01850160025060177
-0.025858599692583084
-0.027187999337911606
-0.003253629896789789
-0.010170900262892246
-0.7388030290603638
-0.04277370125055313
-0.23202300071716309
-0.009173380210995674
-0.4950929880142212
-0.02175530046224594
-1.1948200464248657
0.6624749898910522
0.4948109984397888
-0.07589170336723328
-0.03571699932217598
0.027832500636577606
-0.1610579937696457
0.02017579972743988
-0.9829630255699158
-0.031553298234939575
-0.872767984867096
0.03835050016641617
-0.2865769863128662
0.45395201444625854
0.023777199909090996
0.2672269940376282
-0.018079500645399094
0.11900100111961365
0.26248699426651
0.31388598680496216
0.06657639890909195
0.050031598657369614
0.19574399292469025
0.4669620096683502
0.16122299432754517
0.007981070317327976
-0.0439458005130291
0.14997200667858124
0.01708820089697838
0.31863099336624146
-0.03029559925198555
0.24238400161266327
-0.045216698199510574
0.27808699011802673
-0.09493160247802734
0.01214620005339384
0.5026819705963135
0.032038699835538864
0.29759401082992554
0.13954100012779236
0.32692500948905945
0.48032501339912415
0.40827998518943787
-0.30327001214027405
-0.028542600572109222
0.26426899433135986
0.03995110094547272
-0.03288879990577698
0.2940489947795868
-0.03101379983127117
0.3780840039253235
-0.04391929879784584
0.3561779856681824
0.040066998451948166
0.0653752014040947
0.3481529951095581
-0.0872654989361763
-0.01232170034199953
-0.03352560102939606
0.015123199671506882
0.0006619740161113441
0.0302668996155262
0.015680799260735512
0.013898099772632122
-0.007971270009875298
0.03218340128660202
-0.0260562002658844
0.028082000091671944
-0.04315419867634773
-0.01823589950799942
-0.04924929887056351
-0.019790099933743477
-0.001990149961784482
-0.04487660154700279
-0.021776100620627403
-0.02021460048854351
-0.010846300050616264
-0.010160299949347973
0.019660599529743195
0.03370390087366104
0.03750719875097275
0.0437828004360199
-0.03919459879398346
-0.039402998983860016
-0.03006790019571781
-0.039428699761629105
-0.026422400027513504
-0.04372259974479675
-0.026720700785517693
0.04232550039887428
-0.03543509915471077
-0.022462299093604088
-0.010019499808549881
0.026492999866604805
-0.04351330175995827
0.008811240084469318
-0.04671860113739967
-0.024179799482226372
0.0
0.3565419912338257
0.011273800395429134
0.2444709986448288
-0.028433699160814285
0.009728649631142616
0.5676289796829224
0.4307290017604828
-0.5637440085411072
0.4078519940376282
0.2067680060863495
0.031607698649168015
0.0029179200064390898
0.14646700024604797
-0.04393469914793968
0.2402620017528534
-0.04106440022587776
0.1928820013999939
-0.049170300364494324
0.012862499803304672
0.2009499967098236
0.01131839957088232
0.314875990152359
-0.002757469890639186
0.3350929915904999
0.2009419947862625
0.28807398676872253
0.7391809821128845
0.5531749725341797
-0.3917660117149353
0.17268699407577515
0.21332399547100067
-0.03513620048761368
0.013650800101459026
0.23780600726604462
-0.04242770001292229
0.3441829979419708
0.03633590042591095
0.5070210099220276
-0.0070418999530375
0.38697001338005066
0.273716002702713
-0.06713470071554184
-0.001229400048032403
-0.017018700018525124
-0.017936699092388153
0.0391061007976532
0.005242260172963142
-0.005867590196430683
-0.040307801216840744
-0.05299590155482292
0.034092601388692856
-0.03356250002980232
-0.018343200907111168
0.02905290015041828
-0.010793499648571014
0.03455530107021332
0.0386601984500885
0.004359169863164425
-0.020363500341773033
-0.04463430121541023
0.004487129859626293
-0.04504400119185448
-0.008213610388338566
0.4758409857749939
-0.2839620113372803
-0.08345849812030792
0.1036830022931099
-0.09007269889116287
-0.026298800483345985
-0.10467600077390671
0.17326299846172333
-0.008227430284023285
0.04541710019111633
0.227510005235672
-0.03142020106315613
-0.1659969985485077
-0.09865070134401321
-0.16517700254917145
-0.0329568013548851
0.03577930107712746
-0.10508300364017487
-0.17594300210475922
-0.03697210177779198
0.0056388801895082
-0.14680799841880798
-0.10898599773645401
0.22608600556850433
-0.4950059950351715
-0.08747179806232452
0.023478299379348755
-0.10919799655675888
0.0037374200765043497
-0.5451419949531555
-0.007393349893391132
0.24855700135231018
0.034587398171424866
-0.35971999168395996
-0.07530830055475235
-0.28267499804496765
0.01930049993097782
0.005157799925655127
-0.11635100096464157
-0.23741400241851807
0.013973100110888481
0.002104050014168024
-0.450437992811203
-0.2991180121898651
-0.16766299307346344
0.3406650125980377
-0.19915899634361267
-0.037034399807453156
-0.16261400282382965
0.30761200189590454
-0.020848499611020088
0.04544540122151375
0.21416600048542023
0.022644300013780594
0.3488360047340393
-0.09309589862823486
-0.08785679936408997
-0.03445139899849892
0.009616870433092117
-0.06549809873104095
-0.2758980095386505
-0.03643149882555008
0.015032799914479256
0.611303985118866
-0.09971310198307037
-0.7454010248184204
-0.6046140193939209
-0.22435200214385986
0.021514900028705597
-0.011277399957180023
-0.2063719928264618
-0.5467590093612671
-0.03811040148139
0.42704498767852783
-0.031148100271821022
-0.37247899174690247
-0.09206710010766983
-0.19645699858665466
-0.01367220003157854
-0.004191160202026367
-0.05670519918203354
-0.0361597016453743
-0.02365560084581375
0.06731019914150238
-1.0013600587844849
-0.09383250027894974
0.06722459942102432
-0.31974101066589355
0.15219099819660187
4.481900032260455e-05
-0.22160199284553528
-0.8502539992332458
0.5299479961395264
-0.037780698388814926
-0.2493389993906021
-0.02268110029399395
0.2504599988460541
0.03768220171332359
-0.23492799699306488
0.04079340025782585
-0.0201456006616354
-0.33061400055885315
-0.20202399790287018
-0.028025399893522263
0.049514900892972946
-0.5853739976882935
0.03636680170893669
0.1945350021123886
0.0005599039723165333
-0.25332701206207275
-0.01073480024933815
-0.2665260136127472
0.395550012588501
-0.2650409936904907
0.023589499294757843
0.13345099985599518
-0.0033370000310242176
-0.022577399387955666
-0.32353898882865906
-0.08349739760160446
-0.021754300221800804
-0.0487729012966156
-0.18670199811458588
-0.10383500158786774
-0.028294699266552925
-0.029005000367760658
-0.6665430068969727
-0.03656600043177605
0.27942898869514465
0.23146000504493713
-0.0567127987742424
-0.04709799960255623
-0.33071500062942505
-0.24343299865722656
0.0969121977686882
0.04121379926800728
0.04934440180659294
-0.027656100690364838
0.22702400386333466
-0.3844200074672699
-0.02112879976630211
-0.010959899984300137
-0.03963039815425873
-0.23604699969291687
-0.15868300199508667
-0.017953699454665184
-0.04223889857530594
-0.5209190249443054
-0.12911899387836456
0.2811729907989502
-0.30700600147247314
-0.10754399746656418
0.03579530119895935
-0.15301300585269928
0.2737939953804016
-0.23467199504375458
-0.03458410128951073
0.2001509964466095
-0.04400449991226196
0.44403600692749023
-0.1597529947757721
-0.0856311023235321
-0.03728510066866875
0.03515100106596947
-0.07511760294437408
-0.1027820035815239
0.01950550079345703
-0.08975619822740555
-0.951092004776001
-0.16541799902915955
-0.40986400842666626
0.16983899474143982
-0.1023619994521141
-0.012461899779736996
-0.1387220025062561
-1.2248200178146362
0.17074799537658691
0.018671199679374695
-0.6746330261230469
0.044964499771595
1.2038999795913696
-0.14129799604415894
-0.09696560353040695
-0.04540500044822693
-0.03614490106701851
-0.1860640048980713
-0.17039600014686584
0.017029400914907455
0.10999000072479248
0
1
