3
9
5
20
20
20
20
20
ReLU
ReLU
ReLU
ReLU
ReLU
Affine
0.703577995300293
0.1277189999818802
-0.2471739947795868
0.008248520083725452
-1.0506199598312378
0.03784580156207085
-0.2627260088920593
-0.08672480285167694
-0.7762969732284546
0.262378990650177
-0.19431200623512268
0.04672500118613243
-0.07044719904661179
-0.3996640145778656
0.07701420038938522
-0.02635370008647442
1.1738500595092773
0.10638000071048737
-0.20247100293636322
-0.02178340032696724
0.8198850154876709
0.19611099362373352
-0.30632999539375305
-0.1383340060710907
0.8315370082855225
0.1327729970216751
-0.21724000573158264
0.002242760034278035
1.3222299814224243
0.22300399839878082
-0.2432350069284439
0.024218399077653885
-2.1067099571228027
-0.14316000044345856
-0.1410840004682541
-0.0029568299651145935
1.1317700147628784
-0.584526002407074
-0.1787170022726059
0.013816200196743011
1.954859972000122
-0.008175330236554146
-0.16593000292778015
0.019874799996614456
1.1569700241088867
-0.08831190317869186
-0.18436099588871002
0.015367499552667141
-0.8099960088729858
0.23614899814128876
-0.2437029927968979
0.02194169908761978
-1.7051000595092773
-0.3940039873123169
-0.008851690217852592
-0.030077600851655006
-0.17506200075149536
-0.5038210153579712
0.17953099310398102
-0.1446859985589981
-0.7524979710578918
0.03337470069527626
-0.3000980019569397
0.05844850093126297
-0.6618840098381042
-0.1002340018749237
-0.1964849978685379
0.10739299654960632
-0.3845199942588806
-0.03624970093369484
-0.30789101123809814
0.046247698366642
-1.015179991722107
0.35844600200653076
-0.15854500234127045
0.05673440173268318
-0.8980129957199097
0.41742199659347534
-0.17896699905395508
0.12417899817228317
0.13718099892139435
0.05816100165247917
0.10282599925994873
-0.13137400150299072
0.15592999756336212
0.2143229991197586
0.1203719973564148
0.2347709983587265
-0.03265589848160744
-0.05140940099954605
0.0877235010266304
0.10400000214576721
0.10393700003623962
0.02508479915559292
-0.2571609914302826
0.1347920000553131
0.023516999557614326
0.2413250058889389
0.10695599764585495
0.14814600348472595
0.008238100446760654
0.2316569983959198
-0.08599250018596649
-0.3413110077381134
0.2005070000886917
0.31878599524497986
0.5462819933891296
0.22109100222587585
0.39966899156570435
-0.8537989854812622
0.16268999874591827
0.4647560119628906
0.2865239977836609
-0.34808099269866943
-0.5975109934806824
1.0199999809265137
-0.21596099436283112
-0.2360839992761612
0.15867899358272552
-0.3682120144367218
-0.3463059961795807
0.13580499589443207
0.3027780055999756
0.057369399815797806
0.028505699709057808
-0.07920189946889877
0.27126801013946533
0.23652200400829315
0.30430901050567627
0.39897701144218445
-0.2753089964389801
-0.3991920053958893
0.29009199142456055
0.1992029994726181
0.07833780348300934
0.029694300144910812
-0.236162006855011
0.03002849966287613
-0.04851150140166283
0.1477299928665161
0.03645839914679527
0.040500201284885406
0.004651130177080631
0.16050000488758087
0.06293279677629471
0.12579800188541412
-0.08988559991121292
0.12100599706172943
0.1775680035352707
0.16272500157356262
0.21279799938201904
0.031196700409054756
0.015521899797022343
0.13260500133037567
0.1251010000705719
0.15661700069904327
-0.08688099682331085
-0.28021499514579773
0.18832600116729736
0.08122839778661728
0.2178809940814972
0.08342490345239639
0.1442590057849884
0.002386820036917925
0.135111004114151
-0.05637669935822487
0.10301899909973145
-0.09390220046043396
0.03396639972925186
0.4001399874687195
0.09127960354089737
0.1320119947195053
-0.19863499701023102
-0.5006129741668701
-0.04154219850897789
-0.08990439772605896
0.032736100256443024
-0.6810259819030762
-0.7831990122795105
-0.020899400115013123
-0.09929779917001724
0.07012180238962173
0.06872030347585678
0.12919199466705322
0.04664289951324463
-0.07946909964084625
0.053531400859355927
-0.14118100702762604
0.20753300189971924
-0.07031690329313278
-0.10272999852895737
0.012189500033855438
-0.013667300343513489
-0.017061499878764153
0.0973832979798317
0.12954600155353546
0.06997119635343552
-0.07747919857501984
0.2981080114841461
0.2839300036430359
-0.0645906999707222
0.03460580110549927
-0.20151999592781067
-0.03124920092523098
-0.04394090175628662
0.17172899842262268
-0.21177899837493896
0.36291399598121643
0.5839269757270813
-0.23447899520397186
-0.4248490035533905
-0.07574880123138428
-0.24782100319862366
-0.18953700363636017
0.4368939995765686
0.20829999446868896
-0.6134740114212036
-0.4049060046672821
0.29003798961639404
-0.05219750106334686
-0.7936739921569824
-0.04829680174589157
-0.19718000292778015
-0.058038000017404556
0.5303040146827698
0.41996800899505615
-0.024622900411486626
0.12652599811553955
0.2951599955558777
0.35841599106788635
0.6166459918022156
0.08668529987335205
0.038566600531339645
0.14347800612449646
-0.05043330043554306
0.30064401030540466
0.5129290223121643
-0.05726910009980202
0.1262110024690628
0.334663987159729
0.5365399718284607
0.2976279854774475
0.36941099166870117
0.2915180027484894
0.27283400297164917
0.33773601055145264
0.3266400098800659
-0.05418970063328743
-0.007625299971550703
-0.032782599329948425
0.007592730224132538
0.012237399816513062
0.013331600464880466
0.028049100190401077
0.042559098452329636
0.0015598400495946407
0.029611000791192055
-0.04164620116353035
-0.05117100104689598
0.013206399977207184
0.031173599883913994
-0.003626700025051832
6.948730060685193e-06
-0.04761449992656708
-0.044342800974845886
-0.027810299769043922
-0.04888420179486275
0.01850469969213009
-0.01588520035147667
0.223144993185997
-0.07115639746189117
-0.0531264990568161
0.04198719933629036
0.3153190016746521
0.20530900359153748
0.2187030017375946
0.441101998090744
-0.30255499482154846
0.07552070170640945
0.4202040135860443
0.3448620140552521
-0.07880830019712448
0.06767310202121735
0.39022698998451233
0.03400849923491478
-0.006367329973727465
0.16037000715732574
-0.07556849718093872
-0.053144700825214386
-0.0037163300439715385
0.007054459769278765
0.01032899972051382
0.025138700380921364
0.03539679944515228
-0.015722399577498436
0.03768739849328995
0.007852059789001942
-0.020651800557971
0.032723698765039444
-0.023785000666975975
0.0011671299580484629
-0.007449979893863201
0.03143709897994995
-0.040115900337696075
-0.0075697097927331924
-0.05276929959654808
-0.02776150032877922
-0.0192732997238636
-0.013616999611258507
-0.016209200024604797
-0.007549909874796867
0.14292700588703156
0.19815599918365479
0.26340198516845703
0.028653299435973167
0.06496620178222656
0.3063890039920807
0.07318589836359024
0.12178400158882141
0.19207200407981873
0.07204599678516388
-0.056267499923706055
-0.09512060135602951
0.27229800820350647
-0.1214279979467392
-0.05661410093307495
0.15147000551223755
0.06940189749002457
0.17878100275993347
0.25902900099754333
0.22787100076675415
-0.01817380078136921
0.09326410293579102
0.2911500036716461
0.29373899102211
0.13884399831295013
0.03552350029349327
0.34894898533821106
0.10335099697113037
0.08704780042171478
0.2525230050086975
0.1365409940481186
-0.1350959986448288
-0.06481929868459702
0.29309898614883423
-0.04305880144238472
0.047039199620485306
0.21724699437618256
0.10462500154972076
0.23494699597358704
0.2435310035943985
0.20169499516487122
-0.07774829864501953
0.18751800060272217
0.10507500171661377
0.08582299947738647
0.1499360054731369
0.15803299844264984
0.2470480054616928
0.19919000566005707
0.24505800008773804
-0.04562149941921234
0.16256099939346313
0.13713900744915009
0.1233299970626831
0.14079099893569946
0.02065259963274002
-0.10027199983596802
0.07317420095205307
0.06976769864559174
0.16751599311828613
0.06044720113277435
0.07161150127649307
-0.04278840124607086
0.19120900332927704
0.12811000645160675
0.15182800590991974
-0.19574899971485138
0.1257299929857254
0.13575200736522675
0.10177599638700485
0.23392100632190704
-0.05233769863843918
-0.03698369860649109
0.14121800661087036
0.08661749958992004
0.12331400066614151
0.003726959927007556
-0.19067500531673431
0.1265230029821396
0.0426395982503891
0.24257400631904602
0.11130400002002716
0.13638600707054138
0.015012499876320362
0.000305797002511099
-0.02992839924991131
-0.015225299634039402
-0.0522942990064621
-0.03586139902472496
0.051226601004600525
-0.035724300891160965
0.02089739963412285
-0.03206229954957962
0.015073399990797043
0.002213059924542904
-0.011344700120389462
-0.06177150085568428
0.03009280003607273
-0.028512699529528618
-0.02776690013706684
0.01742679998278618
0.01076470036059618
0.012665499933063984
0.017071999609470367
-0.014969400130212307
0.19322699308395386
-0.027053799480199814
0.053270500153303146
0.04810959845781326
0.1347309947013855
0.0789610967040062
0.17816999554634094
0.2518489956855774
-0.21047599613666534
0.015450100414454937
0.21204200387001038
0.21035300195217133
0.08313500136137009
0.04719319939613342
0.1533759981393814
0.13813099265098572
0.04527980089187622
0.1873670071363449
-0.021019700914621353
0.09504929929971695
0.009741430170834064
0.24444599449634552
0.0631771981716156
-0.06317979842424393
-0.12691199779510498
0.24262799322605133
0.42564600706100464
0.2256920039653778
0.22891199588775635
-0.8254240155220032
0.34570300579071045
0.3247869908809662
0.3620539903640747
-0.10397899895906448
-0.7045369744300842
-0.3461099863052368
0.07496640086174011
0.27893298864364624
0.28424501419067383
-0.18201400339603424
-0.22584499418735504
-0.22445900738239288
0.11904799938201904
0.10805299878120422
0.23765400052070618
-0.057945601642131805
0.05189729854464531
0.2249779999256134
0.09849400073289871
0.14511600136756897
0.019836699590086937
0.010196099989116192
-0.09924930334091187
-0.01302259974181652
0.24544699490070343
-0.18602800369262695
-0.2647860050201416
0.18182000517845154
0.16270799934864044
0.2114579975605011
0.24882499873638153
0.23012199997901917
-0.0018620799528434873
-0.04851140081882477
0.025445999577641487
0.03763369843363762
0.04834140092134476
0.016702499240636826
0.025135500356554985
0.001359430025331676
-0.04462910071015358
-0.018139300867915154
-0.03090829961001873
-0.04883889853954315
0.04832930117845535
-0.05159889906644821
-0.04853560030460358
-0.00914916954934597
-0.03174370154738426
-0.009244999848306179
0.00029933699988760054
0.027685800567269325
-0.01302259974181652
-0.010443000122904778
0.014740600250661373
-0.6005619764328003
-0.034974999725818634
0.0849049985408783
-0.05695150047540665
-0.4292689859867096
-1.1556700468063354
0.2059829980134964
0.007473269943147898
-0.008818309754133224
-0.045380398631095886
0.0940788984298706
0.18485400080680847
0.07204719632863998
-0.021147700026631355
0.0158402007073164
0.016384100541472435
-0.7565699815750122
0.14522099494934082
-0.026353899389505386
-0.04232589900493622
-0.21150299906730652
0.0026239000726491213
-0.4756470024585724
-0.16465599834918976
-0.04170269891619682
0.17754000425338745
1.4186300039291382
0.5865610241889954
0.030139299109578133
-0.6133700013160706
0.023247400298714638
0.2893179953098297
0.42357999086380005
-0.18855999410152435
-0.1880829930305481
-0.03172789886593819
-0.3750320076942444
-0.1666570007801056
0.15054099261760712
0.029094500467181206
0.1807059943675995
0.07135800272226334
0.6275089979171753
0.09074810147285461
0.0571863017976284
0.031001899391412735
0.37801501154899597
1.3177499771118164
-0.0003296129871159792
0.02407499961555004
0.09707079827785492
0.04625530168414116
0.03124839998781681
0.0138482004404068
0.08402960002422333
0.06992139667272568
0.035242799669504166
0.001682410016655922
-0.029768699780106544
-0.0404357984662056
0.0006154910079203546
0.1448110044002533
-0.3505060076713562
0.12038099765777588
0.027277199551463127
-0.40488800406455994
-0.2833299934864044
0.4354250133037567
0.5506590008735657
-0.7362139821052551
-0.0031855199486017227
-0.40681400895118713
0.008217450231313705
-0.17772799730300903
-0.011877300217747688
-0.26418599486351013
-0.35593199729919434
0.0324413999915123
-0.12497200071811676
-0.6480699777603149
-0.08951369673013687
-0.03987009823322296
0.3047800064086914
-0.007051339838653803
0.008199700154364109
-0.027849700301885605
-0.04939340054988861
0.006002000067383051
-0.011926000006496906
-0.04482259973883629
-0.028018200770020485
-0.006214960012584925
-0.005242030136287212
-0.04863150045275688
-0.01104579959064722
0.03327690064907074
0.011433900333940983
0.025610700249671936
0.02387480065226555
-0.008834529668092728
-0.041170600801706314
0.033715300261974335
0.0006657940102741122
-0.0037055499851703644
0.07501620054244995
-0.6749290227890015
0.03619860112667084
0.048226501792669296
0.10535799711942673
-0.4251439869403839
-0.581151008605957
0.08754300326108932
-0.036465201526880264
0.0795573964715004
0.019230900332331657
0.12224599719047546
0.1255660057067871
0.11965599656105042
0.024534299969673157
-0.04566949978470802
0.09346549957990646
-0.6697030067443848
0.06591489911079407
-0.022324200719594955
-0.16624599695205688
0.09802909940481186
-0.8224949836730957
0.006007730029523373
0.14605499804019928
0.04556789994239807
-0.35633400082588196
-1.018399953842163
0.0914812982082367
0.0269508995115757
-0.011955499649047852
-0.011835900135338306
0.13338600099086761
0.020692899823188782
0.06372509896755219
0.13679799437522888
-0.0324954017996788
0.14559100568294525
-0.9385730028152466
0.15805399417877197
-0.02379699982702732
0.11898099631071091
0.0376955009996891
-0.003952379804104567
0.06445299834012985
0.011852599680423737
0.11304199695587158
-0.189970001578331
1.3166799545288086
0.029199400916695595
0.026134200394153595
-0.09768339991569519
0.046701401472091675
0.11486999690532684
0.17130300402641296
-0.0657460018992424
0.011681799776852131
-0.005035699810832739
-0.00285111996345222
-0.6553530097007751
0.133201003074646
-0.023292699828743935
0.0036407499574124813
-0.07001669704914093
-0.6926050186157227
-0.19383500516414642
-0.026886099949479103
-0.13246199488639832
0.26477301120758057
-0.493272989988327
0.5358539819717407
-0.030353400856256485
0.03649979829788208
-0.033945199102163315
0.03603440150618553
0.13115400075912476
0.03670410066843033
-0.04856250062584877
0.047337599098682404
0.038496799767017365
-0.5217469930648804
0.003728090086951852
-0.008965659886598587
0.00846885982900858
0.029209300875663757
-0.016780899837613106
-0.002850230084732175
0.0041637602262198925
0.007786579895764589
-0.04600200057029724
-0.011784099973738194
-0.024493500590324402
0.02437949925661087
-0.02176710031926632
0.041718799620866776
-0.008837300352752209
-0.015978999435901642
0.026013899594545364
-0.0026895999908447266
0.022236499935388565
-0.015459399670362473
-0.06220969930291176
-0.03390609845519066
0.034994401037693024
-0.010968999937176704
-0.06503640115261078
-0.7525219917297363
-0.19022299349308014
-0.026402300223708153
-0.08921709656715393
0.29363301396369934
-0.6827809810638428
0.41379299759864807
0.015470500104129314
-0.277972012758255
0.02710380032658577
0.030661700293421745
0.07299540191888809
-0.0572906993329525
-0.06990540027618408
0.001010349951684475
-0.12430600076913834
-0.7210909724235535
0.04116389900445938
-0.03868680074810982
0.22843900322914124
0.0481518991291523
-0.49759700894355774
0.09656380116939545
0.12244299799203873
0.06584560126066208
-0.534280002117157
-1.2510299682617188
0.07914759963750839
-0.024776000529527664
0.08632499724626541
-0.04221000149846077
0.11917100101709366
0.10514099895954132
0.08353909850120544
0.053498201072216034
0.015281099826097488
0.11052999645471573
-0.7164589762687683
0.10655400156974792
-0.013774700462818146
-0.04511420056223869
-0.1187480017542839
-0.9550459980964661
0.2341659963130951
-0.16084900498390198
-0.7200649976730347
0.18488900363445282
-0.21647700667381287
-0.03880679979920387
-0.012962499633431435
0.27404099702835083
0.040106501430273056
-0.1816129982471466
-0.32583099603652954
-0.15687699615955353
-0.18094100058078766
0.017152700573205948
-0.0431986004114151
-0.2475930005311966
-0.15229299664497375
-0.00960388034582138
0.1806109994649887
0.18576599657535553
-0.3306710124015808
0.21266700327396393
0.23588000237941742
0.2059990018606186
-0.3550119996070862
-1.150339961051941
0.14873600006103516
-0.031784601509571075
0.22705699503421783
-0.01467750035226345
0.2285040020942688
0.22371700406074524
0.20081700384616852
0.2144560068845749
-0.01597459986805916
0.18686099350452423
-0.7204899787902832
0.23260599374771118
-0.04458710178732872
0.07152239978313446
0.14364999532699585
-0.6608539819717407
0.15092000365257263
0.08239570260047913
0.15477600693702698
-0.42056000232696533
-1.2414100170135498
-0.0022579398937523365
-0.012965000234544277
0.06978359818458557
-0.042398300021886826
0.07128319889307022
0.0013576699420809746
0.03614730015397072
0.13567200303077698
0.04444060102105141
0.11737699806690216
-0.8169609904289246
0.13505199551582336
-0.04953629896044731
0.01528880000114441
0.09346140176057816
-0.8172739744186401
0.04286770150065422
0.02757040038704872
0.03293979912996292
-0.38568198680877686
-1.1356899738311768
0.13489800691604614
-0.038827698677778244
0.04942470043897629
-0.012000000104308128
0.09050170332193375
0.05674760043621063
0.05255059897899628
0.018498599529266357
-0.000700714997947216
0.06660439819097519
-0.6664010286331177
0.057289399206638336
-0.022617099806666374
-0.002251950092613697
0.00862662959843874
0.01454440038651228
0.0007129539735615253
-0.03898179903626442
0.008128619752824306
-0.04231010004878044
-0.01778459921479225
0.02376130037009716
0.036060500890016556
-0.04306250065565109
-0.027498599141836166
-0.05820289999246597
-0.004315949976444244
-0.0034971199929714203
-0.008929939940571785
0.028888100758194923
-0.052893899381160736
-0.0439583994448185
0.02016109973192215
-0.04375090077519417
-0.018091300502419472
0.024082599207758904
-0.3461189866065979
-0.010078500024974346
0.023430099710822105
0.013998500071465969
-0.4182330071926117
-1.0914000272750854
0.29785698652267456
0.021956700831651688
0.08356630057096481
-0.0273973997682333
0.11309199780225754
0.1702280044555664
0.1289689987897873
-0.005944150034338236
-0.001651920028962195
0.016983000561594963
-0.6613389849662781
0.0873643010854721
-0.023195600137114525
-0.11762099713087082
0.1304599940776825
-0.6180400252342224
0.07537320256233215
0.05565309897065163
0.16108299791812897
-0.45598798990249634
-1.0380899906158447
0.18428300321102142
0.015506699681282043
0.08746179938316345
0.03300030156970024
0.10883700102567673
0.11753500252962112
0.12012200057506561
0.11570999771356583
0.007871259935200214
0.08907420188188553
-1.0320500135421753
0.10808400064706802
-0.03799489885568619
-0.0342009998857975
0.060325201600790024
-0.5526790022850037
-0.06447920203208923
0.0795011967420578
-0.027074899524450302
-0.44407400488853455
-1.1245900392532349
0.23280100524425507
-0.04730619862675667
0.0359187014400959
-0.00014056799409445375
0.1050570011138916
0.13589400053024292
0.09151630103588104
0.022275499999523163
-0.032322999089956284
-0.002333329990506172
-0.816178023815155
0.06014540046453476
-0.03861309960484505
-0.05822860077023506
0.20902100205421448
-0.8282139897346497
-0.4459579885005951
-0.5669819712638855
-0.02984590083360672
-0.4298210144042969
0.2203489989042282
-0.4428359866142273
0.5754150152206421
-0.048418398946523666
0.6290649771690369
0.2716600000858307
-0.054866500198841095
0.18205900490283966
0.18578499555587769
0.30334898829460144
-0.007142129819840193
0.12294799834489822
0.14975999295711517
0.20465099811553955
-0.02225540019571781
0.250901997089386
0.08100689947605133
-0.0889056995511055
-0.2703610062599182
-0.03374969959259033
0.06323549896478653
0.1032869964838028
-0.34223300218582153
-0.3671739995479584
0.043470099568367004
-0.13614700734615326
0.19496700167655945
0.29832300543785095
0.3140769898891449
0.17941999435424805
0.23685799539089203
-0.005569349974393845
-0.1113160029053688
-0.050852999091148376
0.1958869993686676
0.0881085991859436
0.2307409942150116
-0.12448299676179886
-0.48654401302337646
-0.3374679982662201
0.020754700526595116
0.372189998626709
0.1515980064868927
-0.021196799352765083
0.4069629907608032
0.0208429004997015
0.43540701270103455
0.2198130041360855
-0.744841992855072
0.11352399736642838
0.07398319989442825
0.1520940065383911
0.03341419994831085
0.32455599308013916
0.10237199813127518
0.30336201190948486
-0.016828199848532677
0.17648300528526306
-0.017069200053811073
0.2797999978065491
0.20476000010967255
0.026478299871087074
-0.10838700085878372
0.10485299676656723
0.01570180058479309
-1.2577999830245972
-0.008892679587006569
-1.4794100522994995
0.20266500115394592
-0.05902869999408722
0.42518600821495056
0.1149040013551712
-0.04130129888653755
-0.03197859972715378
0.13968099653720856
0.23203299939632416
-0.23398199677467346
0.09774740040302277
0.4135589897632599
0.07129339873790741
-0.29455700516700745
0.12093699723482132
-0.04600130021572113
0.28852999210357666
0.15697099268436432
0.1297139972448349
0.002704970072954893
-0.026268599554896355
0.2469870001077652
0.38892799615859985
-0.08919960260391235
0.14001399278640747
0.29442501068115234
0.33080101013183594
0.026987699791789055
0.5246869921684265
0.2939800024032593
0.3850939869880676
-0.014934900216758251
0.3258900046348572
-0.007448010146617889
-0.3192499876022339
0.008391370065510273
-0.04214020073413849
0.6119719743728638
0.16992400586605072
-0.005358510185033083
0.0954471006989479
0.03610939905047417
0.4116100072860718
0.20723900198936462
-0.7736870050430298
0.08994779735803604
0.27312299609184265
0.23504599928855896
0.0057904599234461784
0.3440690040588379
0.2271520048379898
0.3767470121383667
0.03459370136260986
0.21885600686073303
-0.24941100180149078
-0.3103950023651123
0.2877640128135681
0.012502400204539299
0.1318410038948059
0.26770299673080444
0.05061769858002663
-0.21905399858951569
-0.04265189915895462
0.20497499406337738
0.2480439990758896
0.1730629950761795
0.18120700120925903
0.2650429904460907
0.27199000120162964
-0.02145940065383911
0.25492599606513977
0.24505400657653809
0.3520120084285736
0.008709450252354145
0.29881998896598816
-0.5401530265808105
-0.4006510078907013
-0.18677200376987457
0.02643899992108345
-0.08964619785547256
0.22279399633407593
-0.8942400217056274
0.17452900111675262
-0.03350830078125
0.4459739923477173
0.24059200286865234
0.4677700102329254
0.12264399975538254
0.3043830096721649
0.26221799850463867
-0.037812601774930954
0.08611570298671722
0.10395900160074234
0.15162399411201477
0.01846799999475479
-0.01917709968984127
-0.034519098699092865
-0.0029504599515348673
-0.014223599806427956
-0.029273100197315216
-0.040634799748659134
0.03812120109796524
0.020357100293040276
0.007118439767509699
-0.024614300578832626
-0.003465940011665225
0.037234898656606674
-0.01295970007777214
-0.02265469916164875
-0.033993199467659
-0.045927200466394424
0.044314101338386536
-0.029867399483919144
0.01583700068295002
-0.04855170100927353
-0.015587200410664082
0.19653399288654327
-0.1510320007801056
-0.4709329903125763
-1.3015199899673462
0.013948599807918072
0.7919489741325378
0.25916600227355957
0.009935470297932625
0.47897401452064514
0.008686509914696217
0.43292099237442017
0.095066599547863
-1.5131200551986694
0.15104299783706665
0.18531300127506256
0.1454479992389679
0.007745630107820034
0.36198198795318604
0.18050700426101685
0.30103400349617004
-0.027334000915288925
-0.19802799820899963
-0.9057049751281738
0.0034364101011306047
-0.37789401412010193
-0.0434097982943058
0.1963610053062439
0.2930769920349121
0.12507200241088867
-0.007331429980695248
0.0013561099767684937
0.28527700901031494
-0.12782800197601318
0.11521600186824799
-0.0012062500463798642
0.2502959966659546
0.07102800160646439
-0.03569579869508743
-0.43333899974823
0.11484300345182419
-0.12668000161647797
0.22910000383853912
0.20976600050926208
-0.2128939926624298
-0.3507309854030609
-0.5627650022506714
-0.01658719964325428
0.1254570037126541
0.2607330083847046
0.13372300565242767
0.18524299561977386
0.031923700124025345
0.4213230013847351
0.09100080281496048
-0.204135000705719
0.07126740366220474
0.2969459891319275
0.09645110368728638
-0.045184601098299026
0.1150910034775734
0.10846100002527237
0.2601889967918396
0.06618709862232208
0.4815959930419922
0.1346849948167801
-0.4540939927101135
0.14981700479984283
-0.006430800072848797
0.33941400051116943
0.1374489963054657
0.10635100305080414
0.13367800414562225
0.034030698239803314
0.3180130124092102
0.2868629992008209
-0.5597869753837585
0.03355960175395012
0.29062899947166443
0.3847450017929077
0.03953539952635765
0.5167520046234131
0.23168300092220306
0.5733969807624817
-0.03303379938006401
0.023754099383950233
0.0028307700995355844
-0.0061468398198485374
-0.024647999554872513
0.044540900737047195
-0.02598709985613823
-0.00386619009077549
-0.0140151996165514
0.004072569776326418
0.03978189826011658
-0.03551509976387024
-0.017767099663615227
0.04882790148258209
-0.04040149971842766
0.03998120129108429
-0.033220600336790085
-0.02477259933948517
-0.005313289817422628
-0.0014600800350308418
0.034669701009988785
-0.006575659848749638
-0.29215899109840393
-0.10486000031232834
0.19234099984169006
0.06122269853949547
-0.041279200464487076
0.3736079931259155
-0.10897800326347351
-0.1015309989452362
0.7967429757118225
-0.02178890071809292
0.32818299531936646
-0.1773650050163269
0.18252499401569366
-0.194814994931221
-0.1353760063648224
-0.1914689987897873
0.021720200777053833
0.002564460039138794
0.0664513036608696
-0.13386499881744385
0.15722300112247467
0.34632501006126404
-0.27950000762939453
-0.45239099860191345
0.011145600117743015
-0.028982600197196007
0.051975298672914505
0.2120950073003769
0.03781849890947342
0.3412559926509857
-0.028733599931001663
0.29789599776268005
0.17806999385356903
-0.22786499559879303
0.12374100089073181
0.2193550020456314
0.22817499935626984
0.013735099695622921
0.2956880033016205
0.1967560052871704
0.33627399802207947
-0.0462942011654377
-0.052985500544309616
-0.005264009814709425
-0.053338099271059036
-0.019646599888801575
0.04873089864850044
0.010379900224506855
-0.02990099973976612
0.02248530089855194
0.006314279977232218
-0.005038649775087833
0.010505200363695621
-0.01405979972332716
0.023297300562262535
0.020711800083518028
0.03268659859895706
-0.05346570163965225
-0.016108199954032898
0.021254699677228928
0.03269530087709427
-0.0035580499097704887
-0.002401910023763776
0.1479099988937378
0.11348900198936462
-0.54795902967453
-0.039883099496364594
-0.03574400022625923
-0.11757200211286545
0.2723599970340729
0.09301120042800903
-0.21830099821090698
0.017519500106573105
0.28391599655151367
0.03291499987244606
-0.20982199907302856
0.013432400301098824
0.20934699475765228
0.1715400069952011
0.003129129996523261
-0.20362000167369843
-0.10197599977254868
0.18082599341869354
0.14104099571704865
-0.5012519955635071
0.02020210027694702
0.33486101031303406
0.44405999779701233
-0.007649910170584917
-0.35864800214767456
-0.18411199748516083
-0.11218000203371048
0.7258179783821106
-0.018713299185037613
0.2507930099964142
-0.3540700078010559
-0.3243109881877899
0.010449600405991077
-0.46320998668670654
-0.32339099049568176
-0.023889999836683273
-0.2526969909667969
-0.16201600432395935
-0.2982630133628845
0.10066500306129456
0.23418299853801727
-0.7195479869842529
-0.5337299704551697
-0.2536050081253052
0.0034412199165672064
-0.11210700124502182
0.217740997672081
-0.1532679945230484
0.6524869799613953
0.043253399431705475
0.48770400881767273
0.17299599945545197
-0.16027100384235382
0.22460800409317017
0.21549899876117706
0.21262399852275848
-0.024489600211381912
0.216172993183136
0.1789260059595108
0.2804040014743805
0.04506649821996689
0.17842300236225128
0.5540289878845215
0.17723999917507172
0.13860300183296204
0.21838000416755676
0.16739700734615326
0.1328659951686859
-0.28842800855636597
-0.024466099217534065
0.21852000057697296
-0.17862500250339508
0.09124220162630081
0.1913679987192154
0.042711999267339706
-0.7441009879112244
0.25955599546432495
-0.024772100150585175
0.13739299774169922
-0.7924799919128418
0.192904993891716
0.041191600263118744
0.09258980304002762
0.31028300523757935
0.28585800528526306
0.30500999093055725
0.1563969999551773
0.21186399459838867
0.10390900075435638
-0.8035579919815063
-0.007951130159199238
0.5577530264854431
-0.3276979923248291
0.10333199799060822
0.10685300081968307
-0.022591400891542435
0.057287801057100296
0.10825599730014801
0.03576140105724335
-0.2220889925956726
-0.061686400324106216
-0.0529244989156723
0.04005330055952072
-0.15711000561714172
0.031053800135850906
0.6141579747200012
-0.28508201241493225
-0.06495469808578491
0.35699599981307983
0.025547299534082413
-0.3087199926376343
-0.03641600161790848
0.3519589900970459
0.024465100839734077
0.40781399607658386
0.2957499921321869
0.0350675992667675
0.01018569990992546
0.44106900691986084
0.016990000382065773
0.6345459818840027
-0.09147869795560837
0.3080030083656311
-0.013007800094783306
-0.201214000582695
-0.23398099839687347
-0.08814779669046402
0.49988898634910583
0.38198399543762207
0.17279799282550812
0.3045240044593811
-0.36267900466918945
-0.034979499876499176
0.2702980041503906
-0.5525259971618652
0.017719199880957603
0.17897099256515503
0.041017599403858185
0.1268240064382553
-0.24129199981689453
-0.04081080108880997
-0.36072200536727905
0.19456300139427185
0.026188399642705917
0.04234059900045395
-0.32252100110054016
0.5956559777259827
0.2190600037574768
-0.6675660014152527
0.36100900173187256
0.38186800479888916
0.23002800345420837
-0.4036569893360138
0.005449430085718632
0.1678590029478073
0.21116900444030762
0.24761000275611877
0.4249710142612457
-0.003975649829953909
-0.26534199714660645
0.32824501395225525
-0.020620999857783318
0.17849600315093994
-0.24539199471473694
-0.1358959972858429
0.09606870263814926
0.7452999949455261
-0.4593850076198578
0.025640200823545456
-0.0607185997068882
-0.03231079876422882
0.11004400253295898
-0.24761700630187988
0.6839830279350281
-0.017614100128412247
0.22659200429916382
0.20005400478839874
0.1315689980983734
-0.33943501114845276
-0.02655640058219433
0.06115550175309181
0.1063700020313263
-0.025669699534773827
-0.10664200037717819
0.15347500145435333
0.7123969793319702
0.026286199688911438
0.844219982624054
-0.015328899957239628
0.11446499824523926
0.1721400022506714
-0.06018780171871185
-0.04327179864048958
-0.05909610167145729
0.8574090003967285
0.02251889929175377
0.11024300009012222
0.08536530286073685
0.17592300474643707
-0.3036139905452728
-0.03156619891524315
0.036217499524354935
0.16123299300670624
-0.007400520145893097
-0.09384520351886749
-0.03224850073456764
0.6137660145759583
0.041487500071525574
-0.5695070028305054
0.17385199666023254
0.17054900527000427
-1.6277600526809692
0.29081401228904724
0.36510801315307617
0.2554660141468048
-0.5621280074119568
-0.03640739992260933
0.2156510055065155
-0.46366098523139954
0.24721099436283112
0.5028889775276184
-0.014527100138366222
-0.21974100172519684
0.15622200071811676
-0.01410599984228611
0.6626459956169128
-0.2922450006008148
-0.3855319917201996
0.11158300191164017
-0.04967439919710159
-0.04510689899325371
-0.014401299878954887
-0.031397201120853424
-0.014208300039172173
0.01645050011575222
-0.031315598636865616
-0.039011698216199875
-0.03944310173392296
0.011903000064194202
-0.029793700203299522
-0.005649529863148928
-0.04514230042695999
-0.02593410015106201
0.00023713000700809062
-0.020065100863575935
-0.024960799142718315
-0.03775370121002197
-0.016407299786806107
-0.04914719983935356
0.0
-0.13749100267887115
0.6145859956741333
0.07756900042295456
-0.6633319854736328
0.13726800680160522
0.14285899698734283
0.33790498971939087
-0.4186689853668213
-0.008020970039069653
0.039793699979782104
0.3519429862499237
0.17942200601100922
0.09591159969568253
-0.01564819924533367
-0.26264798641204834
0.2668739855289459
-0.03085380047559738
0.13363899290561676
-0.6491680145263672
0.025798499584197998
0.04371330142021179
-0.3695630133152008
-0.077046699821949
0.27330300211906433
0.06594309955835342
0.007927189581096172
0.37745100259780884
0.07929249852895737
-1.2511800527572632
-0.041293900460004807
0.19266599416732788
-0.22478899359703064
-0.408935010433197
-0.024018600583076477
-0.029595300555229187
0.07007530331611633
-0.2974199950695038
0.035374898463487625
-0.10716500133275986
0.09546270221471786
-1.1716699600219727
0.0016058699693530798
0.44513899087905884
0.689054012298584
0.08735939860343933
0.04150630161166191
-0.30892500281333923
-0.12028899788856506
0.022331800311803818
0.7494099736213684
0.03667080029845238
0.039273701608181
-0.016852200031280518
-0.0722109004855156
0.053654201328754425
-0.02762030065059662
-0.19268299639225006
0.09209570288658142
0.0029336800798773766
-0.054935701191425323
0.0631486028432846
0.08192040026187897
0.030758900567889214
-0.017417799681425095
-0.005119809880852699
-0.031961098313331604
-0.058103401213884354
0.005670379847288132
-0.020312799140810966
-0.030464600771665573
-0.02658749930560589
0.04310759902000427
-0.012421700172126293
0.03674269840121269
-0.013006200082600117
0.049835000187158585
-0.026230299845337868
-0.058134499937295914
-0.040582798421382904
-0.03426339849829674
0.0099584199488163
0.015867099165916443
0.01598690077662468
-0.02945519983768463
-0.09980080276727676
-0.4299589991569519
0.29061099886894226
0.18814300000667572
0.1413780003786087
0.16799500584602356
0.15072199702262878
-0.524823009967804
0.011606000363826752
0.49195998907089233
-0.49508699774742126
0.16425299644470215
0.2911689877510071
-0.047420598566532135
0.16168199479579926
0.20121699571609497
0.017091499641537666
-0.08316729962825775
-0.04510999843478203
0.14466500282287598
-0.15465199947357178
-0.02028460055589676
-0.040022701025009155
0.016635000705718994
-0.00491986982524395
-0.029829399660229683
-0.034609999507665634
-0.04594599828124046
0.03669380024075508
0.004933049902319908
0.015412800014019012
0.037238698452711105
-0.04712459817528725
0.009186719544231892
0.013308700174093246
-0.005243309773504734
0.039568498730659485
-0.008892649784684181
-0.028409799560904503
-0.031049100682139397
-0.00258281989954412
-0.009401700459420681
-0.028372300788760185
0.021147899329662323
-0.01892619952559471
-0.03964350000023842
-0.03180589899420738
-0.0028163399547338486
-0.04150699824094772
-0.04612810164690018
-0.0026261399034410715
0.048993900418281555
-0.04652610048651695
-0.007190779782831669
0.0024580699391663074
-0.016283700242638588
0.014646099880337715
-0.012549200095236301
0.036040399223566055
-0.04425539821386337
-0.04001450166106224
0.04371760040521622
-0.0006945380009710789
0.16607999801635742
-0.3188309967517853
0.20854899287223816
-0.821133017539978
-0.07987669855356216
0.020839400589466095
0.12236999720335007
-0.4766539931297302
-0.010206099599599838
0.3658829927444458
0.602878987789154
0.16887600719928741
-0.25697800517082214
-0.032384198158979416
0.07010210305452347
0.15566499531269073
0.04951360076665878
-0.032912399619817734
-0.027641499415040016
0.4431160092353821
-0.008325910195708275
0.599120020866394
0.43710801005363464
0.17981000244617462
0.054347001016139984
-0.07681780308485031
-0.030771100893616676
-0.23413899540901184
-0.06041119992733002
-0.01802380010485649
0.38032400608062744
-0.14313900470733643
-0.1112930029630661
-0.11874499917030334
-0.013492199592292309
0.13354900479316711
0.1486939936876297
-0.029413100332021713
-0.31365200877189636
0.01887650042772293
-0.0023388199042528868
-0.03584260120987892
0.3097749948501587
0.36256301403045654
0.4908590018749237
0.18545399606227875
-0.04911480098962784
0.015522999688982964
0.15941999852657318
0.38764700293540955
-0.02295139990746975
0.2403070032596588
-0.0999486967921257
0.18737100064754486
0.1567160040140152
-0.0016938400221988559
0.04547400027513504
0.44567200541496277
0.04904190078377724
0.2022320032119751
0.053304798901081085
0.3400999903678894
-0.030144700780510902
-0.021222399547696114
-0.03699079900979996
-0.02664880082011223
-0.05744890123605728
0.018057700246572495
0.013248399831354618
0.004242800176143646
0.022564800456166267
-0.04450330138206482
-0.014418000355362892
0.014552400447428226
-0.05118019878864288
-0.0077957999892532825
-0.022181900218129158
-0.006222569849342108
-0.054076001048088074
0.04025280103087425
-0.012558599933981895
0.000670675013680011
0.02038409933447838
-0.01128579955548048
-0.04604899883270264
0.14236100018024445
-0.16419699788093567
0.06605859845876694
-0.16615299880504608
0.14291299879550934
-0.10956799983978271
-0.482107013463974
-0.0053562899120152
-0.5142390131950378
-0.26009601354599
0.04498609900474548
0.026634199544787407
-0.06613419950008392
-0.03565850108861923
-0.026131700724363327
0.334867000579834
0.11662700027227402
-0.19606900215148926
-0.013267500326037407
0.016994500532746315
-0.2954980134963989
-0.2324250042438507
-0.2309190034866333
0.06758899986743927
0.043946899473667145
0.321368008852005
0.307778000831604
-0.688742995262146
-0.014107800088822842
-0.3938939869403839
-0.24743099510669708
-0.012460400350391865
0.04366369917988777
-0.10369499772787094
-0.023993799462914467
0.005555769894272089
0.052232399582862854
-0.1189040020108223
-0.09038399904966354
0.028190400451421738
-0.04755119979381561
-0.14071999490261078
-0.14645899832248688
-0.1744910031557083
0.13146600127220154
0.11505699902772903
-0.22434300184249878
-0.2535820007324219
0.054263800382614136
-0.0149916997179389
-0.22587700188159943
-0.1372929960489273
0.14952099323272705
0.014639600180089474
-0.387798011302948
0.006891579832881689
-0.028959300369024277
-0.6491280198097229
0.09926240146160126
-0.1314759999513626
0.044061899185180664
0.045921698212623596
-0.04501049965620041
-0.31967398524284363
-0.1097870022058487
0.1267790049314499
-0.0730912983417511
0.3199009895324707
0.18651899695396423
-0.2938149869441986
-0.0064378599636256695
-0.22131399810314178
-0.12826399505138397
-0.18328900635242462
0.030125299468636513
-0.2921830117702484
0.018533000722527504
-0.021291600540280342
0.029823999851942062
-0.3488430082798004
-0.16255100071430206
0.00877366028726101
-0.05481810122728348
0.060728199779987335
-0.2573679983615875
-0.1400880068540573
0.010482300072908401
0.16280199587345123
0.18121400475502014
0.26266199350357056
0.06223449856042862
0.02772039920091629
-0.43290001153945923
0.13570700585842133
-0.3716920018196106
0.05257299914956093
-0.4056380093097687
-0.027651499956846237
-0.022748399525880814
-0.24138599634170532
-0.5271009802818298
-0.33209899067878723
-0.021228300407528877
-0.007219970226287842
0.03151069954037666
-0.1275559961795807
-0.1350180059671402
-0.030367199331521988
-0.36257898807525635
0.3424629867076874
0.2607029974460602
-0.028588300570845604
0.03342809900641441
-0.18224400281906128
-0.17927099764347076
0.2552089989185333
0.03519019857048988
-0.5905730128288269
0.04948220029473305
0.006010990124195814
-0.6326429843902588
0.017430199310183525
0.03371930122375488
-0.009168299846351147
-0.04245860129594803
-0.3526799976825714
-0.050746798515319824
0.05094290152192116
0.1402530074119568
-0.09697069972753525
-0.06295040249824524
-0.42692598700523376
0.07293649762868881
0.03775789961218834
-0.206386998295784
-0.2275490015745163
0.27055299282073975
-0.02461099997162819
-0.1715649962425232
0.024853099137544632
-0.025938399136066437
-0.2744080126285553
-0.36897799372673035
-0.025022000074386597
-0.009724520146846771
0.03999499976634979
-0.30382800102233887
-0.28319498896598816
-0.033615998923778534
-0.36988699436187744
-0.060668401420116425
0.14955900609493256
0.3352929949760437
-0.7132869958877563
0.00863976962864399
-0.14598999917507172
0.44152799248695374
0.3328239917755127
0.02087000012397766
-0.4944010078907013
0.045412201434373856
-0.019349699839949608
0.22495600581169128
-0.05643539875745773
0.04029399901628494
0.02049819938838482
-0.006933299824595451
-0.027386099100112915
-0.24546900391578674
-0.18763500452041626
-0.024871699512004852
0.10308200120925903
-0.11276400089263916
-0.225490003824234
0.30761098861694336
0.00888229999691248
0.18491500616073608
0.01843300089240074
-0.1752060055732727
0.008720559999346733
-0.5839009881019592
-0.023359499871730804
-0.03189529851078987
-0.04461430013179779
-0.349016010761261
-0.33574599027633667
0.005083010066300631
0.05696209892630577
0
1
