3
9
5
20
20
20
20
20
ReLU
ReLU
ReLU
ReLU
ReLU
Affine
-0.013602499850094318
0.007356740068644285
-0.0005330289714038372
-0.011596900410950184
0.018187999725341797
0.011616099625825882
-0.15949800610542297
-0.10447700321674347
0.030770499259233475
0.015132499858736992
-0.17468500137329102
-0.11546699702739716
0.01859869994223118
0.01199090015143156
-0.17209799587726593
-0.11145500093698502
1.7025099992752075
-0.16991999745368958
-0.008523030206561089
-0.0025725499726831913
0.5388410091400146
-0.24495600163936615
-0.16466599702835083
0.06188790127635002
1.5255999565124512
0.14482100307941437
-0.07763669639825821
-0.013498499989509583
-0.005401359871029854
-0.0053682997822761536
-0.0001578009978402406
-0.006402709987014532
0.48510101437568665
-0.2982009947299957
-0.22972199320793152
0.0732882022857666
0.16666199266910553
-0.1847199946641922
-0.2621159851551056
0.010006099939346313
0.04099750146269798
0.012364800088107586
-0.1310350000858307
-0.09499239921569824
1.0605599880218506
0.17789599299430847
-0.060200199484825134
0.11754199862480164
1.1934499740600586
-0.06196970120072365
-0.1247820034623146
0.006392079871147871
0.5117319822311401
-0.12043700367212296
-0.13713300228118896
-0.09145809710025787
0.9227139949798584
-0.04700459912419319
-0.16640500724315643
0.012728099711239338
0.031003300100564957
-0.01757100038230419
-0.1388469934463501
-0.09313110262155533
1.1010700464248657
-0.0072922599501907825
-0.12048400193452835
0.020295899361371994
1.4116300344467163
-0.16804200410842896
0.061480000615119934
0.06901109963655472
1.0302300453186035
-0.16178099811077118
-0.16527099907398224
0.03200419992208481
0.040335699915885925
0.008481569588184357
-0.1713709980249405
-0.1123649999499321
0.016285400837659836
0.13300199806690216
0.1653439998626709
0.21355099976062775
-1.182919979095459
0.10570500046014786
0.2363789975643158
-0.019821200519800186
0.06693139672279358
0.02255599945783615
0.041775498539209366
0.33243700861930847
0.10832100361585617
-0.055268898606300354
0.11351700127124786
0.13078199326992035
0.18428100645542145
-0.03992680087685585
0.15102599561214447
0.12071999907493591
2.0827499611186795e-05
-0.0032319899182766676
0.19591200351715088
0.14127300679683685
0.21028299629688263
-1.1064900159835815
0.1272139996290207
0.1711989939212799
0.015416599810123444
0.10375600308179855
-0.0066154999658465385
0.04765230044722557
0.2076440006494522
0.08971039950847626
-0.1576409935951233
0.11657699942588806
0.13448099792003632
0.14334499835968018
-0.026957299560308456
0.1305380016565323
0.17690999805927277
-0.0005823089741170406
0.03857610002160072
-0.0477571003139019
0.032532401382923126
0.035309601575136185
-0.045343101024627686
-0.043517399579286575
0.019427699968218803
0.04608979821205139
-0.04926830157637596
0.009387020021677017
-0.04275219887495041
-0.04398209974169731
-0.009665059857070446
0.03248969838023186
-0.03194120153784752
-0.022996800020337105
-0.022640399634838104
0.01868950016796589
0.03596759960055351
-0.026838500052690506
-0.0018171099945902824
-0.041781000792980194
0.21227000653743744
0.09717199951410294
0.2153709977865219
-1.813770055770874
-0.031368400901556015
0.22729499638080597
-0.02456820011138916
0.11949100345373154
0.0847461000084877
0.10940100252628326
0.19173799455165863
0.05042469874024391
0.5798069834709167
0.09053570032119751
0.193121999502182
0.16842800378799438
-0.6757799983024597
0.006725550163537264
0.11791399866342545
0.007804629858583212
-0.005652930121868849
0.19618399441242218
0.13475799560546875
0.20844200253486633
-0.8339110016822815
0.22634699940681458
0.21288900077342987
-0.010200000368058681
0.24852600693702698
0.0754408985376358
0.11504299938678741
0.07244990020990372
0.15905000269412994
-0.30028200149536133
0.12843699753284454
0.13969099521636963
0.16933299601078033
0.21468999981880188
0.18304699659347534
0.1318950057029724
-0.02481039986014366
0.04845239967107773
0.14240700006484985
0.1298779994249344
0.1883610039949417
-0.5879430174827576
0.25506898760795593
0.18706800043582916
-0.0009728780132718384
0.25625500082969666
0.11442399770021439
0.12147799879312515
0.07068280130624771
0.1998720020055771
-0.34977900981903076
0.1791519969701767
0.08898799866437912
0.12956500053405762
0.47762900590896606
0.241224005818367
0.19630099833011627
-0.05291590094566345
-0.020882999524474144
0.21023499965667725
0.12681999802589417
0.1951719969511032
-0.9578139781951904
0.151868999004364
0.13829700648784637
0.025585299357771873
0.1418599933385849
0.09832320362329483
0.1252650022506714
0.1800689995288849
0.18033699691295624
0.3123149871826172
0.13478699326515198
0.13837699592113495
0.11549799889326096
0.09091980010271072
0.1735759973526001
0.19496600329875946
-2.2882799385115504e-05
0.015037200413644314
0.18733499944210052
0.09749460220336914
0.1935970038175583
-2.023900032043457
0.09739390015602112
0.16616299748420715
-0.01939680054783821
0.14996099472045898
0.1338219940662384
0.06592100113630295
0.08697880059480667
0.061236198991537094
0.7352709770202637
0.12601299583911896
0.12871700525283813
0.11438000202178955
-0.6472899913787842
0.04987499862909317
0.20259299874305725
0.042355798184871674
-0.021067200228571892
0.14400699734687805
0.12014699727296829
0.18104399740695953
-1.0263099670410156
0.051982298493385315
0.16722099483013153
-0.027390899136662483
0.030312100425362587
-0.05175260081887245
0.12276600301265717
0.2222519963979721
0.25225698947906494
-0.2795040011405945
0.15098999440670013
0.12734200060367584
0.24689200520515442
0.25730299949645996
0.18865500390529633
0.19243699312210083
-0.035636600106954575
-0.03329790011048317
0.13471700251102448
0.1813499927520752
0.15653100609779358
-1.6995500326156616
0.2839820086956024
-0.5008770227432251
0.025301899760961533
0.343313992023468
0.28765198588371277
0.1334809958934784
-0.20231199264526367
-0.028383800759911537
0.39504900574684143
0.07492639869451523
0.14396600425243378
-0.07337970286607742
-0.632004976272583
0.21466299891471863
0.12684699892997742
-0.020332500338554382
-0.007910169661045074
0.1530739963054657
0.14069600403308868
0.19616399705410004
-1.448699951171875
0.04116769880056381
0.14028899371623993
-0.026302000507712364
0.07551860064268112
-0.054062601178884506
0.11152199655771255
0.2695370018482208
0.04112039878964424
-0.21122699975967407
0.08996350318193436
0.11391700059175491
0.11871600151062012
-0.27904799580574036
0.05472930148243904
0.20589999854564667
0.038225699216127396
-0.03494669869542122
0.1821569949388504
0.13046300411224365
0.1673939973115921
-0.7452579736709595
0.36749398708343506
0.08460409939289093
-0.020869100466370583
0.4334630072116852
0.33293598890304565
0.11967600136995316
-0.04766250029206276
-0.007176780141890049
-0.3932900130748749
0.11553999781608582
0.15580199658870697
0.04265329986810684
0.0930716022849083
0.2796419858932495
0.18114399909973145
0.05322830006480217
0.01515089999884367
-0.05395200103521347
-0.07375980168581009
-0.10209900140762329
1.5948400497436523
-0.10477100312709808
0.02754889987409115
0.031079299747943878
-0.1424569934606552
0.03349500149488449
-0.038668300956487656
0.04112499952316284
0.07148650288581848
-1.2858500480651855
-0.003110520076006651
-0.08977050334215164
0.01575559936463833
0.35278400778770447
-0.03939040005207062
-0.11866100132465363
0.13196299970149994
0.0006553609855473042
-0.13473500311374664
-0.06715449690818787
-0.17301799356937408
1.498329997062683
-0.09853799641132355
0.1068509966135025
-0.03555219992995262
-0.19815999269485474
-0.06344299763441086
-0.035105399787425995
0.18707899749279022
0.018222300335764885
-1.2423399686813354
-0.0008621949818916619
-0.17032299935817719
0.11330100148916245
0.32022199034690857
-0.0709799975156784
-0.16081100702285767
0.13978099822998047
-0.006796550005674362
0.21199199557304382
0.1270499974489212
0.14342600107192993
-0.8501060009002686
0.177373006939888
0.19295400381088257
-0.03366110101342201
0.18994000554084778
0.07922740280628204
0.09686289727687836
0.12018100172281265
0.1954129934310913
-0.19616200029850006
0.08976680040359497
0.13675199449062347
0.10423599928617477
0.37132200598716736
0.2137569934129715
0.19901500642299652
-0.059991899877786636
-0.0046143801882863045
0.176256000995636
0.10318200290203094
0.20084600150585175
-1.0981500148773193
0.00042513798689469695
0.26221200823783875
-0.041471999138593674
-0.008639260195195675
-0.06070839986205101
0.06481210142374039
0.24527199566364288
0.14411599934101105
-0.636447012424469
0.11200399696826935
0.0579586997628212
0.22222499549388885
0.3782840073108673
0.14451999962329865
0.14827300608158112
-0.029677899554371834
0.016777299344539642
0.2203029990196228
0.12001699954271317
0.20363199710845947
-0.8304100036621094
0.03799520060420036
0.28549298644065857
0.03524690121412277
0.019148699939250946
0.006873310077935457
0.07474490255117416
0.24675199389457703
0.2115519940853119
-0.5496389865875244
0.16401000320911407
0.04946209862828255
0.26825401186943054
0.481330007314682
0.15814299881458282
0.12021099776029587
-0.06432349979877472
-0.012738299556076527
0.16148899495601654
0.17167800664901733
0.2156900018453598
-0.9295589923858643
0.18648600578308105
0.20041300356388092
0.004542400129139423
0.13868500292301178
0.010296500287950039
0.053499698638916016
0.11740799993276596
0.22681300342082977
-0.226609006524086
0.1745380014181137
0.12999600172042847
0.19329999387264252
0.2721259891986847
0.14770899713039398
0.14740300178527832
-0.041380900889635086
0.015205999836325645
0.20301200449466705
0.12995000183582306
0.17987899482250214
-0.9322599768638611
0.06718970090150833
0.28397199511528015
0.026726799085736275
0.0850410982966423
-0.022407999262213707
0.10463500022888184
0.20317399501800537
0.24210099875926971
-0.42112499475479126
0.14985699951648712
0.029090600088238716
0.15909799933433533
0.4307210147380829
0.2115889936685562
0.14763499796390533
-0.06490830332040787
0.020258499309420586
-0.040230799466371536
0.03680789843201637
-0.03586919978260994
-0.04170430079102516
-0.019737200811505318
-0.023980900645256042
0.026266900822520256
-0.04650970175862312
-0.05341880023479462
-0.026798300445079803
0.0034846800845116377
0.021765800192952156
-0.03790760040283203
-0.016759200021624565
0.0379721000790596
-0.02077529951930046
-0.0007030860288068652
0.03670649975538254
0.04692170023918152
-0.008230959996581078
-0.2775149941444397
-0.1595660001039505
-0.008994589559733868
0.7798299789428711
-0.15067000687122345
-0.23405000567436218
-0.22532400488853455
1.1240999698638916
-0.6519759893417358
1.1871099472045898
-0.15471899509429932
0.34893500804901123
-0.03147419914603233
-0.17222599685192108
-0.3608109951019287
-0.8904770016670227
-0.8605859875679016
-0.38751500844955444
-0.6689490079879761
0.010928300209343433
0.16137400269508362
-0.00704181008040905
-0.0424065999686718
-0.04892909899353981
0.008244720287621021
-0.010644200257956982
0.028369400650262833
-0.03023350052535534
-0.02661450020968914
0.032735198736190796
-0.009436179883778095
-0.047599099576473236
-0.002343629952520132
-0.00016762599989306182
-0.04351760074496269
-0.002792689949274063
0.026105299592018127
0.036892298609018326
0.036471299827098846
-0.02426300011575222
0.0045502400025725365
-0.0008721050107851624
0.1396770030260086
0.15684400498867035
-0.020308099687099457
0.15366600453853607
0.13136699795722961
0.12366499751806259
0.18689000606536865
0.31644201278686523
0.14834700524806976
0.42657700181007385
0.24625499546527863
0.25216901302337646
-0.46816399693489075
-0.3963339924812317
0.1408739984035492
0.0708106979727745
0.09316530078649521
0.17303000390529633
0.07832969725131989
0.015128999948501587
0.08369500190019608
-0.018035199493169785
0.006979930214583874
-0.0425122007727623
-0.030579300597310066
-0.02813049964606762
-0.040040601044893265
-0.0011204499751329422
0.02033660002052784
-0.04893289878964424
-0.018243499100208282
0.022487599402666092
0.03602280095219612
-0.04122160002589226
-0.008924510329961777
-0.048135701566934586
0.03582270070910454
0.007114510051906109
0.04166309908032417
0.015292399562895298
0.03233170136809349
-0.0004173869965597987
0.2604930102825165
0.18741099536418915
0.004683759994804859
0.1707179993391037
0.09680230170488358
0.14586099982261658
0.1775909960269928
0.288129985332489
0.2753320038318634
0.4684619903564453
0.20966699719429016
0.10708100348711014
-0.4350540041923523
-0.25439900159835815
0.12616199254989624
0.25169599056243896
0.27238500118255615
0.1846809983253479
0.2204750031232834
-0.03067309968173504
0.06718959659337997
0.004438559990376234
0.10436999797821045
-0.031636398285627365
-0.20099300146102905
0.3151409924030304
0.34433698654174805
0.17786100506782532
0.09455599635839462
0.038178700953722
0.6726959943771362
-0.09123869985342026
0.43429699540138245
-0.5516189932823181
-0.6075609922409058
0.2842490077018738
-0.1712689995765686
0.055587198585271835
0.19912000000476837
0.08592379838228226
-0.029722899198532104
-0.10779500007629395
0.0027778500225394964
-0.03191940113902092
0.004517499823123217
0.03514060005545616
0.026029599830508232
-0.03875130042433739
-0.025133399292826653
0.017808200791478157
-0.016030700877308846
0.004979080054908991
0.011591199785470963
0.03246060013771057
-0.014093399979174137
-0.03379660099744797
-0.037085600197315216
-0.02880769968032837
-0.02028070017695427
0.01737380027770996
-0.06470649689435959
0.026833200827240944
-0.008606529794633389
0.07020699977874756
0.023168200626969337
0.04409930109977722
-0.09572470188140869
0.04153769835829735
0.0426408015191555
0.0009364199941046536
-0.2376050055027008
0.016770899295806885
-0.3766680061817169
-0.12800100445747375
0.0012245899997651577
0.4607200026512146
0.45392298698425293
0.01402829959988594
0.008903670124709606
0.11458499729633331
0.009621909819543362
0.04990150034427643
0.030131399631500244
0.07152420282363892
0.12163600325584412
0.1262180060148239
-0.0013410600367933512
0.23504599928855896
0.21333900094032288
0.16767700016498566
0.13146400451660156
0.3277229964733124
0.10582800209522247
0.5233380198478699
0.15142199397087097
0.23229999840259552
-0.4757710099220276
-0.47138598561286926
0.17295199632644653
0.058662299066782
0.06445199996232986
0.13317300379276276
0.06704790145158768
0.02466689981520176
0.02964000031352043
0.21288500726222992
0.2218340039253235
0.020342199131846428
0.19318999350070953
0.16776899993419647
0.11930199712514877
0.1591469943523407
0.25704699754714966
0.07357659935951233
0.2037300020456314
0.32170799374580383
0.2035530060529709
-0.29318299889564514
-0.22366799414157867
0.15995299816131592
-0.0008143599843606353
0.035068001598119736
0.07238209992647171
0.0021315698977559805
-0.011444199830293655
0.1626249998807907
-0.031683698296546936
-0.006258780136704445
0.040308400988578796
0.8493589758872986
-0.2569369971752167
-0.4876669943332672
-0.18796800076961517
1.3901699781417847
-0.28370800614356995
1.2095799446105957
0.24205799400806427
-0.004686359781771898
-0.16748900711536407
-0.04275140166282654
-0.4586859941482544
-0.30486199259757996
-0.4430910050868988
-0.37882500886917114
-0.47533801198005676
-0.02490999922156334
0.2134390026330948
0.24111899733543396
0.18023599684238434
0.04116959869861603
0.33272600173950195
0.17888399958610535
0.17798200249671936
0.18408499658107758
0.2875939905643463
0.1919659972190857
0.33240199089050293
0.17842799425125122
0.06397700309753418
-0.6205580234527588
-0.4602369964122772
0.11438799649477005
0.21613599359989166
0.26869699358940125
0.1769299954175949
0.18701399862766266
0.0252033993601799
-0.08863689750432968
-0.012505699880421162
0.030564099550247192
0.047305598855018616
-0.033635299652814865
0.0007591770263388753
-0.01649549975991249
-0.009698149748146534
0.010269599966704845
-0.000781312002800405
0.04875129833817482
-0.04078260064125061
-0.01889440044760704
-0.023245900869369507
-0.012218000367283821
-0.02320460043847561
0.022006399929523468
0.018233800306916237
0.02044459991157055
-0.01763259992003441
-0.0031979000195860863
-0.0006944619817659259
0.21631699800491333
0.22448299825191498
0.03258749842643738
0.18428100645542145
0.18432800471782684
0.18509599566459656
0.19707800447940826
0.16731399297714233
0.037535399198532104
0.2573229968547821
0.1865839958190918
0.3229300081729889
-0.18961399793624878
-0.14642199873924255
0.19326500594615936
0.0052053299732506275
-0.0399571992456913
0.17174899578094482
0.10246700048446655
0.0187740009278059
0.18895600736141205
0.024372799322009087
0.018060099333524704
-0.010807299986481667
-0.11885099858045578
0.06094549968838692
0.12415499985218048
0.06791160255670547
-0.2667649984359741
-0.06551109999418259
-0.318803995847702
-0.11686599999666214
0.006676330231130123
0.49691998958587646
0.4904569983482361
0.07174009829759598
-0.05763410031795502
0.05264880135655403
0.04698120057582855
0.011315099895000458
0.01335499994456768
0.07748450338840485
0.1920509934425354
0.1963679939508438
-0.03465310111641884
0.24785999953746796
0.1825370043516159
0.12724700570106506
0.20764100551605225
0.35598599910736084
0.1485159993171692
0.3626430034637451
0.2720380127429962
0.1920900046825409
-0.4947650134563446
-0.4697969853878021
0.10920599848031998
0.16432799398899078
0.09956330060958862
0.17468200623989105
0.08878950029611588
0.05057770013809204
0.005963109899312258
0.17232899367809296
0.14634999632835388
-0.0030623700004070997
0.09074380248785019
0.15441900491714478
0.22154900431632996
0.10495500266551971
-0.2595219910144806
0.19954200088977814
-0.5407090187072754
0.09356950223445892
0.049108799546957016
0.38417500257492065
0.38255199790000916
0.24457499384880066
0.3017730116844177
0.38317498564720154
0.21822400391101837
0.33080899715423584
-0.009221330285072327
-0.040978699922561646
0.2078540027141571
0.228970006108284
-0.031376998871564865
0.315311998128891
0.1915140002965927
0.11513300240039825
0.14632299542427063
0.30282101035118103
0.2234259992837906
0.3393920063972473
0.2526099979877472
0.11644499748945236
-0.5887929797172546
-0.4340119957923889
0.13187700510025024
0.28631699085235596
0.24717199802398682
0.16036200523376465
0.24490399658679962
-0.01345369964838028
-0.07135830074548721
-0.0015262400265783072
0.04568690061569214
-0.03113340027630329
-0.031713198870420456
-0.0224309004843235
0.030563000589609146
0.00719948997721076
0.014010299928486347
-0.009839899837970734
0.025704100728034973
0.00847719982266426
-0.02746790088713169
-0.038995299488306046
0.016049200668931007
-0.0476238988339901
-0.011592799797654152
-0.016194099560379982
0.0027724599931389093
0.021297000348567963
0.0401185005903244
-0.0005184980109333992
0.2198210060596466
0.18900899589061737
-0.021568600088357925
0.17026899755001068
0.1440960019826889
0.0905928984284401
0.11386600136756897
0.2752479910850525
0.15179400146007538
0.4828540086746216
0.2905449867248535
0.171083003282547
-0.4545910060405731
-0.3447510004043579
0.059476401656866074
0.17053499817848206
0.10085400193929672
0.14604100584983826
0.14570899307727814
-0.011404099874198437
0.08388180285692215
0.22307400405406952
-0.04199180006980896
-0.2736299932003021
-0.027605099603533745
0.14138099551200867
-0.024152999743819237
0.05338070169091225
0.14217199385166168
-0.4661499857902527
-0.27066200971603394
0.5837259888648987
-0.49215200543403625
0.022156599909067154
-0.3137040138244629
0.08353909850120544
-0.45860999822616577
-0.24092599749565125
-0.5128239989280701
0.003384550102055073
0.0626278966665268
0.30576199293136597
-1.1960200071334839
-0.005894910078495741
0.2131980061531067
0.0015837199753150344
0.1532679945230484
0.641933023929596
-0.043476998805999756
-0.32256799936294556
0.29965901374816895
0.05113159865140915
0.4975549876689911
0.19533100724220276
0.021501699462532997
0.12935000658035278
-0.3149619996547699
0.1446709930896759
-0.5377029776573181
0.1651580035686493
-0.01326689962297678
0.13376399874687195
0.041668299585580826
0.7880120277404785
-0.0011115099769085646
0.04051399976015091
0.0006478549912571907
0.09625080227851868
-0.5094550251960754
0.05409809947013855
0.2795169949531555
-0.026114599779248238
0.17658500373363495
0.03869900107383728
0.2774600088596344
-0.03279849886894226
0.15510700643062592
0.2989580035209656
0.19724400341510773
0.94759601354599
0.3605329990386963
-0.04603879898786545
0.09448599815368652
-0.05859610065817833
-0.8208230137825012
-0.03079020045697689
0.20541200041770935
0.004527629818767309
0.18532399833202362
0.4416249990463257
-0.029923899099230766
-0.3793340027332306
0.2533920109272003
0.23730899393558502
-0.3464779853820801
0.03673519939184189
0.03579059988260269
0.13377000391483307
-0.357136994600296
0.19126200675964355
-0.2875150144100189
0.09784519672393799
-0.040773000568151474
0.21543599665164948
0.07741709798574448
0.0167021993547678
-0.04888850077986717
-0.004661030136048794
-0.038739100098609924
-0.026803499087691307
-0.011974900029599667
-0.03980730101466179
-0.012246199883520603
-0.04551519826054573
0.008971019648015499
0.020410699769854546
-0.034456901252269745
-0.02001119963824749
-0.04395569860935211
-0.0007359799928963184
-0.05000799894332886
-0.031578999012708664
-0.03441929817199707
0.03167549893260002
-0.004453939851373434
-0.009909790009260178
0.5077959895133972
0.036203399300575256
0.27140098810195923
-0.041795700788497925
0.15890400111675262
0.5966089963912964
-0.037701401859521866
-0.22935500741004944
0.3584040105342865
0.08893000334501266
-0.2476709932088852
0.3629629909992218
0.01280710007995367
0.15870000422000885
-0.1866769939661026
0.21512000262737274
-0.46915900707244873
0.21190400421619415
0.004452010150998831
0.21853899955749512
0.1534779965877533
-0.14019599556922913
-0.028161799535155296
0.2569290101528168
0.023975899443030357
0.16321100294589996
0.14248700439929962
-0.00212917011231184
-0.5175189971923828
0.276093989610672
0.12745800614356995
-0.8355889916419983
0.4407320022583008
-0.04744879901409149
0.0704507976770401
-0.44140300154685974
0.3240300118923187
-0.04135650023818016
0.38771700859069824
0.021429499611258507
0.233583003282547
-0.12080799788236618
0.036232899874448776
-0.015124499797821045
0.03333999961614609
0.04681260138750076
-0.019717900082468987
0.015666600316762924
-0.03616819903254509
-0.03161109983921051
-0.05019890144467354
0.03687160089612007
-0.027303200215101242
0.017537500709295273
-0.017038000747561455
-0.027371199801564217
-0.04506999999284744
-0.024539899080991745
0.010784200392663479
-0.011851700022816658
0.012880399823188782
-0.006135739851742983
-0.0005217670113779604
0.00778758991509676
-0.013775999657809734
-0.04554149881005287
0.02783839963376522
-0.004318240098655224
0.047468800097703934
0.03130879998207092
0.020563099533319473
0.0034320401027798653
-0.03414729982614517
-0.0015921599697321653
0.011043200269341469
-0.0031117000617086887
-0.022112900391221046
-0.025451799854636192
-0.016069000586867332
-0.011196300387382507
-0.012349099852144718
0.01219240017235279
-0.023125700652599335
-0.0006945380009710789
-0.5198739767074585
-0.03101300075650215
0.2852399945259094
-0.02978060021996498
0.2484149932861328
0.490449994802475
0.05377800017595291
-0.35716700553894043
0.27174100279808044
0.17030300199985504
-0.49377700686454773
0.16085800528526306
0.030657099559903145
0.162322998046875
-0.41797301173210144
0.27770599722862244
-0.1562339961528778
0.28264498710632324
0.020202400162816048
0.2047400027513504
-0.0016103399684652686
-0.6611350178718567
0.010958099737763405
0.2266719937324524
-0.016131499782204628
0.21936899423599243
0.7381229996681213
-0.0051287501119077206
-0.2947379946708679
0.28395700454711914
0.16186699271202087
0.45003199577331543
0.21589000523090363
-0.020298900082707405
0.16015799343585968
-0.23301100730895996
0.24702200293540955
-0.6067479848861694
0.18672500550746918
-0.01022149994969368
0.2141219973564148
0.1136540025472641
-1.699620008468628
-0.03996330127120018
0.22766299545764923
-0.032544199377298355
0.2558709979057312
0.3041509985923767
0.044533099979162216
-0.37117499113082886
0.19493700563907623
0.20669400691986084
-0.2457139939069748
0.15057499706745148
-0.0018885900499299169
0.20632299780845642
-0.33306699991226196
0.31637001037597656
-0.06555420160293579
0.20503300428390503
-0.01044050045311451
0.28853198885917664
0.04078099876642227
0.9416810274124146
0.03278199955821037
-0.09173949807882309
-0.0037859599106013775
-0.019788699224591255
0.6154389977455139
0.028410499915480614
0.07229570299386978
0.20146700739860535
-0.5374929904937744
0.6025329828262329
0.41324299573898315
-0.043118301779031754
-0.5653409957885742
0.08131919801235199
0.1620279997587204
-0.07497300207614899
0.49485599994659424
0.003245780011638999
0.023089999333024025
0.10721900314092636
-0.0004681370046455413
0.014123599976301193
0.02302890084683895
-0.04954899847507477
-0.01338149979710579
0.0085689602419734
0.0039166598580777645
0.010224900208413601
0.034814998507499695
-0.0018664300441741943
-0.024952199310064316
0.0324585996568203
0.009542180225253105
-0.010704400017857552
-0.04728139936923981
-0.036981601268053055
0.00416086008772254
-0.036967601627111435
0.03451419994235039
-0.04202739894390106
-0.0005983050214126706
-0.8790249824523926
-0.045430801808834076
0.1939769983291626
-0.04706389829516411
0.04910369962453842
0.20687900483608246
-0.03861429914832115
-0.336557000875473
0.25089699029922485
0.08411379903554916
0.7719290256500244
0.13528800010681152
0.043835800141096115
0.01036710012704134
-0.29109400510787964
0.2410919964313507
-0.8486149907112122
0.18792399764060974
-0.023193499073386192
0.09164419770240784
0.0784119963645935
-0.04243820160627365
0.026767199859023094
-0.014714900404214859
0.037737198173999786
0.011981300078332424
-0.02122410014271736
0.0025334900710731745
-0.044317301362752914
-0.04531849920749664
-0.03741290047764778
-0.013565699569880962
-0.036540500819683075
-0.049032699316740036
0.01098520029336214
-0.004050729796290398
0.02415739931166172
-0.045010898262262344
-0.03676160052418709
0.019787399098277092
-0.02000040002167225
-0.00039121898589655757
-0.02922770008444786
0.01547740027308464
-0.01260400004684925
-0.002141929930076003
0.0008608840289525688
-0.03247839957475662
0.028757499530911446
0.011418700218200684
-0.011345299892127514
0.00963847991079092
-0.027710899710655212
-0.0068513802252709866
0.04399310052394867
0.003933050204068422
-0.02500390075147152
0.022650299593806267
-0.004561480134725571
-0.03505240008234978
0.04316819831728935
-0.0023208800703287125
-0.003845740109682083
-0.061665698885917664
-0.03811269998550415
-0.14508700370788574
-0.016107099130749702
-0.12734000384807587
-0.17952600121498108
0.03582730144262314
0.1748420000076294
-0.1838659942150116
-0.035270798951387405
1.0664600133895874
-0.4477980136871338
0.0004114799958188087
-0.031932100653648376
0.23260900378227234
-0.1767600029706955
-0.29756200313568115
-0.4085730016231537
0.022458799183368683
-0.03714440017938614
0.23319099843502045
-1.2095199823379517
-0.014758800156414509
0.13257800042629242
0.031149400398135185
0.2082819938659668
0.39389199018478394
0.012311800383031368
-0.15441900491714478
0.1350869983434677
0.2565779983997345
-1.2114499807357788
0.14091899991035461
-0.015448300167918205
0.24016399681568146
-0.1895260065793991
0.1347309947013855
-0.24206900596618652
0.11040499806404114
0.04745839908719063
0.19497500360012054
0.1927960067987442
-0.9656959772109985
-0.0031832701060920954
0.24588599801063538
-0.041471999138593674
0.19038599729537964
0.5439159870147705
-0.0360088013112545
-0.35116198658943176
0.22251200675964355
0.1652200073003769
-0.3767310082912445
0.07529749721288681
-0.022265300154685974
0.152878999710083
-0.3966990113258362
0.23252899944782257
-0.21866799890995026
0.09309279918670654
0.0013619200326502323
0.16539500653743744
0.06641320139169693
-0.015770800411701202
0.15634800493717194
-0.38275599479675293
0.3735249936580658
-0.006182449869811535
0.3591260015964508
-0.5729740262031555
-0.03957489877939224
0.014833799563348293
0.2936530113220215
0.2678700089454651
0.2675980031490326
-0.8291730284690857
0.0011429199948906898
0.07858780026435852
0.03329639881849289
-0.04166660085320473
0.12998799979686737
0.2818779945373535
0.3188270032405853
0.05399259924888611
0.028511399403214455
0.20010200142860413
-0.3144629895687103
0.2689250111579895
-0.0513359010219574
0.2856079936027527
-0.623350977897644
0.017096899449825287
-0.04705579951405525
0.1490519940853119
0.262253999710083
0.2192550003528595
-0.20351700484752655
-0.01408469956368208
0.07556989789009094
-0.02724660001695156
0.040916599333286285
0.13749399781227112
0.4158029854297638
0.22993700206279755
0.03795899823307991
0.03469580039381981
0.02701760083436966
-0.02782450057566166
-0.02982020005583763
-0.04920719936490059
-0.018078599125146866
0.016595400869846344
0.0011186499614268541
0.021486200392246246
0.015549800358712673
-0.009975680150091648
-0.03880700096487999
-0.010098599828779697
0.0349389985203743
-0.01366019994020462
0.04385349899530411
-0.047017600387334824
-0.04999329894781113
-0.025881599634885788
-0.03655619919300079
-0.0006945389905013144
-0.013489900156855583
0.005815620068460703
0.003965150099247694
-0.04497310146689415
0.015395400114357471
-0.037422601133584976
-0.007390129845589399
0.042820099741220474
0.002454600064083934
0.011835400015115738
0.028771499171853065
-0.03565229848027229
-0.019878100603818893
0.038503699004650116
0.00978063978254795
0.01813269965350628
-0.00223841005936265
-0.029784400016069412
-0.04141400009393692
0.04366670176386833
-0.004518080037087202
0.032575201243162155
-0.05118269845843315
-0.03455590084195137
0.014098200015723705
-0.001904660020954907
0.034334901720285416
-0.03389609977602959
-0.03663409873843193
0.041560098528862
-0.004483750090003014
-0.046119000762701035
-0.011101099662482738
-0.03569529950618744
-0.0007338260184042156
-0.056765999644994736
-0.03665760159492493
-0.04888420179486275
-0.00021452699729707092
0.006613110192120075
-0.049015600234270096
-0.007613759953528643
0.13242800533771515
-0.00345083000138402
0.07508400082588196
-0.22887499630451202
0.03250790014863014
0.45501598715782166
-0.07952570170164108
-0.04381610080599785
0.021359900012612343
0.046330101788043976
0.1692200005054474
-0.2511169910430908
-0.7564690113067627
-0.0027981700841337442
-0.37443700432777405
-0.04707619920372963
0.018947599455714226
-0.706483006477356
0.36423400044441223
-0.17826500535011292
0.002319860039278865
-1.250540018081665
0.448731005191803
-0.3702070116996765
0.1853400021791458
0.02391660027205944
0.06725600361824036
-0.6080960035324097
-0.04265129938721657
-0.03296529874205589
0.07546199858188629
0.3200260102748871
0.2829990088939667
-1.830649971961975
-0.03450360149145126
0.50587397813797
-0.024104800075292587
0.01035279966890812
0.34518200159072876
0.009904909878969193
0.14579899609088898
0.041483499109745026
-0.05400009825825691
-0.027844300493597984
0.007792789954692125
-0.017934199422597885
-0.047803398221731186
-0.028475800529122353
-0.02439199946820736
0.0331932008266449
0.031815700232982635
-0.004926479887217283
-0.04247089847922325
0.0399910993874073
-0.027294300496578217
0.016788899898529053
-0.007467150222510099
0.04891140013933182
0.016370100900530815
-0.0763740986585617
0.008604370057582855
-0.0109436996281147
-0.014343000017106533
0.018053099513053894
-0.03343750163912773
0.006407040171325207
-0.03916139900684357
-0.02448810078203678
-0.027247099205851555
0.0356002002954483
-0.03634509816765785
-0.021460000425577164
-0.00992036983370781
-0.013697200454771519
-0.024109600111842155
-0.037147000432014465
-0.03869039937853813
-0.017620200291275978
-0.014929300174117088
0.011665400117635727
-0.03522149845957756
-0.034955400973558426
-0.016157200559973717
-0.008735230192542076
-0.0513789989054203
-0.01734820008277893
0.007432130165398121
0.02639329992234707
-0.014941900037229061
-0.0459044985473156
0.04515089839696884
0.04075559973716736
0.03927119821310043
0.0002926519955508411
0.012263399548828602
-0.030602499842643738
-0.03543969988822937
-0.03451799973845482
-0.008070990443229675
0.044137001037597656
-0.011451499536633492
-0.037878699600696564
-0.01314529962837696
-0.00958286039531231
-0.01011619996279478
0.7212269902229309
-0.3937090039253235
0.03443469852209091
0.22637300193309784
-0.002072870032861829
0.040899600833654404
0.4582589864730835
0.02954990044236183
-0.04022600129246712
0.37130099534988403
-0.293177992105484
0.3873020112514496
-0.17550000548362732
-0.04170040041208267
-0.9442710280418396
-0.006527440156787634
-0.013731000013649464
-0.4793800115585327
0.22377200424671173
0.22432799637317657
-0.038236599415540695
-0.022685600444674492
0.007805630099028349
-0.0065216501243412495
0.023154299706220627
0.034253399819135666
-0.03910880163311958
-0.029271699488162994
-0.023986399173736572
0.025151200592517853
-0.008483200334012508
-0.035342101007699966
-0.026490699499845505
-0.027981599792838097
-0.005888999905437231
0.02007180079817772
-0.03407900035381317
-0.02513829991221428
0.005861950106918812
0.008271980099380016
-0.021825099363923073
-0.002634699922055006
-0.09664890170097351
0.17399899661540985
0.06386400014162064
-0.02199449948966503
0.013201899826526642
-0.1699810028076172
-0.1055390015244484
-0.006568970158696175
-0.029773499816656113
-0.047022800892591476
0.02855999954044819
0.3563539981842041
-0.2364960014820099
-0.047091398388147354
-0.06412450224161148
-0.007618580013513565
0.029834000393748283
-0.10023000091314316
0.059962399303913116
0.043370701372623444
0.015117599628865719
0.17894099652767181
-0.041177600622177124
-0.3844430148601532
0.07143999636173248
0.004249239806085825
0.26552098989486694
-0.2710709869861603
-0.006124860141426325
0.024153700098395348
0.10035800188779831
-0.043269701302051544
-0.06648930162191391
0.11023999750614166
0.008230330422520638
-0.08948220312595367
0.0042101601138710976
0.043617699295282364
-0.14409799873828888
0.7183740139007568
0.09885960072278976
0.07539969682693481
0.25306299328804016
-0.019314700737595558
-0.0867059975862503
0.10491999983787537
-0.05324310064315796
0.007371429819613695
0.19676899909973145
-0.041749000549316406
0.04900600016117096
0.1612969934940338
-0.011990699917078018
0.37109801173210144
0.5125669836997986
-0.02824540063738823
-0.11549700051546097
-0.013809099793434143
0.01736219972372055
-0.06371819972991943
-0.10123500227928162
0.14958199858665466
-0.2554759979248047
-0.10400699824094772
0.23882800340652466
-0.45180198550224304
0.1528100073337555
-0.028035499155521393
-0.19988499581813812
-0.44321000576019287
0.00968261994421482
0.04161339998245239
0.011314399540424347
0.17093400657176971
0.049477700144052505
-0.07573279738426208
-0.022160500288009644
0.6122779846191406
0.04981660097837448
-0.021626800298690796
0.1753070056438446
0.25484699010849
0.1362060010433197
0.22134800255298615
-5.4772801377112046e-05
0.255856990814209
0.06987299770116806
-0.1596429944038391
0.005679159890860319
0.25454801321029663
0.16784699261188507
0.025103600695729256
-0.027588799595832825
-0.06356160342693329
0.04111640155315399
-0.36548900604248047
-0.25770899653434753
-0.03352310135960579
0.08884750306606293
-0.041444599628448486
0.005970229860395193
0.02169949933886528
-0.09643539786338806
-0.20789599418640137
0.1046769991517067
0.01868860051035881
0.5019649863243103
-0.2192849963903427
0.050980500876903534
-0.0105080995708704
-0.041828300803899765
-0.6298570036888123
0.035220298916101456
-0.02736620046198368
-0.14038799703121185
0.3316420018672943
0.5122619867324829
-0.12496999651193619
-0.03159800171852112
0.6845470070838928
-0.04232659935951233
-0.03791460022330284
0.2743149995803833
0.10464199632406235
0.08881469815969467
-0.040338799357414246
0.2683829963207245
0.42630401253700256
0.020393699407577515
0.20066900551319122
-0.00031208101427182555
0.08182699978351593
-0.05443689972162247
0.03223240002989769
0.031541600823402405
0.10341800004243851
0.3915179967880249
0.1886560022830963
-0.12748700380325317
-0.016701800748705864
0.48056501150131226
0.0035018199123442173
0.021480700001120567
-0.0030753500759601593
-0.7995920181274414
0.2242860049009323
-0.017819400876760483
-0.6001279950141907
0.1493549942970276
-0.2573080062866211
0.32455798983573914
0.0010718200355768204
0.2774679958820343
-0.23387299478054047
-0.04327930137515068
-0.03509550169110298
0.36646100878715515
0.1651570051908493
0.40662500262260437
-0.3320389986038208
-0.021259399130940437
0.04641849920153618
-0.04055039957165718
-0.02478259988129139
-0.03316209837794304
0.3063049912452698
0.3611550033092499
-0.059221699833869934
-0.28072500228881836
-0.2637389898300171
-0.016453199088573456
0.011548000387847424
-0.015772400423884392
0.11092899739742279
-0.6773070096969604
-0.02882310003042221
0.021478699520230293
-0.021622899919748306
-0.21960200369358063
-0.032085299491882324
-0.15895099937915802
0.11340600252151489
0.09431370347738266
-0.06658150255680084
0.055926598608493805
0.21512199938297272
-0.041303299367427826
-0.25217801332473755
0.027396099641919136
-0.27779901027679443
-0.19034099578857422
-0.04122849926352501
0.04559509828686714
-0.02764439955353737
0.448511004447937
-0.3925139904022217
-0.00265300995670259
-0.04040350019931793
0.03465050086379051
-0.34511598944664
0.017956700176000595
0.009445030242204666
0.031067799776792526
0.27101999521255493
-0.1558919996023178
0.3198370039463043
-0.6122679710388184
-0.02179569937288761
-0.16035600006580353
-0.052630700170993805
-0.24509799480438232
-0.3294830024242401
-0.037837300449609756
0.014971300028264523
0.0170546006411314
-0.06440869718790054
-0.35363200306892395
-0.023830799385905266
0.00015208599506877363
0.02677219919860363
-0.41321098804473877
0.03426799923181534
0.18147100508213043
-0.36126500368118286
0.17859099805355072
0.0410631000995636
-0.03812529891729355
0.3323090076446533
-0.01257460005581379
-0.4848099946975708
0.022314000874757767
-0.0853068009018898
-0.18388600647449493
-0.030541999265551567
-0.03477190062403679
-0.03595399856567383
-0.16125400364398956
-0.4807870090007782
-0.02360760048031807
-0.04543130099773407
0.011369699612259865
-0.203684002161026
0.001719180028885603
-0.39973199367523193
-0.2721230089664459
0.4285910129547119
0.15379400551319122
0.06363730132579803
-0.6909899711608887
0.08384960144758224
-0.05172469839453697
-0.04704609885811806
-0.12713399529457092
-0.4052389860153198
-0.010204399935901165
0.005259570199996233
0.04614869877696037
-0.719419002532959
-0.6209719777107239
-0.010572499595582485
0.008841370232403278
0.018573399633169174
-0.1754080057144165
0.013988899998366833
-0.0026871899608522654
-0.5439440011978149
0.41624999046325684
0.4752120077610016
0.12699800729751587
-0.4864270091056824
-0.04019419848918915
0.22188399732112885
-0.04326929897069931
-0.15403500199317932
-0.13740800321102142
0.014176299795508385
-0.026490600779652596
0.009480839595198631
0.2310670018196106
-0.9485859870910645
-0.02203180082142353
-0.024777699261903763
-0.03508109971880913
0.6090149879455566
0.0007205900037661195
0.09855479747056961
-0.5617160201072693
0.2974660098552704
-0.49731799960136414
0.17507000267505646
-0.23373299837112427
-0.13234099745750427
-0.129830002784729
-0.014664500020444393
-0.24725200235843658
-0.2812969982624054
0.03533549979329109
0.015100199729204178
-0.0011638100259006023
-0.8983219861984253
-0.9949550032615662
0.03154199942946434
-0.04848700016736984
-0.045308999717235565
-0.06175129860639572
-0.07162740081548691
-0.03546540066599846
-0.11904100328683853
-0.3881959915161133
0.05933219939470291
-0.23113000392913818
-0.21246199309825897
0.48986300826072693
0.05056700110435486
-0.0025310299824923277
-0.18669100105762482
-0.12101300060749054
0.042085301131010056
0.026783699169754982
0.0331886000931263
-0.18634100258350372
-0.3690760135650635
-0.01291080005466938
-0.019057000055909157
0.033272601664066315
0.16717900335788727
-0.03454500064253807
0.08890769630670547
-0.07292979955673218
0.32549700140953064
0.09435989707708359
-0.20568899810314178
-0.0872035026550293
-0.6952469944953918
-0.1308780014514923
0.04163689911365509
0.035336099565029144
-0.03811449930071831
0.017417099326848984
-0.03892429918050766
0.02191079966723919
-1.0630099773406982
-0.07573439925909042
0.03323100134730339
0.004422630183398724
-0.004233929794281721
-1.2471599578857422
-0.01546039991080761
-0.25509101152420044
-0.3260650038719177
-0.40681400895118713
0.004518359899520874
-0.00884270016103983
0.005223489832133055
0.04110100120306015
-0.12752099335193634
0.02246589958667755
0
1
