3
9
5
20
20
20
20
20
ReLU
ReLU
ReLU
ReLU
ReLU
Affine
0.8071460127830505
-0.1916320025920868
-0.18990400433540344
0.023619400337338448
1.1671700477600098
-0.09101349860429764
0.12947499752044678
0.11856900155544281
-0.40225398540496826
-0.2178329974412918
-0.2901400029659271
-0.037974800914525986
-0.49664101004600525
0.19788099825382233
-0.27497100830078125
0.05314049869775772
1.460800051689148
0.4567520022392273
-0.10573499649763107
0.03136330097913742
0.165134996175766
-0.08683370053768158
-0.2227029949426651
0.0077004199847579
-0.14562800526618958
0.15929800271987915
-0.170414999127388
0.10219799727201462
-0.24525700509548187
0.048858098685741425
-0.2244199961423874
0.025995099917054176
1.0782899856567383
-0.23105500638484955
-0.12781299650669098
-0.020666100084781647
0.6100720167160034
-0.29132500290870667
-0.19029800593852997
0.06184620037674904
0.8039069771766663
-0.1828009933233261
-0.23529499769210815
0.013380800373852253
-0.08667030185461044
0.1096929982304573
-0.1693589985370636
0.08288820087909698
-1.1403499841690063
-0.25878599286079407
-0.1293019950389862
0.022228600457310677
2.020750045776367
0.047471899539232254
-0.18901300430297852
-0.033534299582242966
0.02016180008649826
0.31894201040267944
0.10669899731874466
0.045702800154685974
-1.0042099952697754
0.2477010041475296
0.23888100683689117
0.026297200471162796
0.33179301023483276
0.05616699904203415
-0.2446410059928894
0.015724100172519684
-0.41303500533103943
-0.16201800107955933
-0.2708509862422943
-0.03910430148243904
-0.8311769962310791
0.18739500641822815
-0.07409810274839401
0.07827260345220566
1.2514899969100952
-0.1741739958524704
0.11879099905490875
0.10185699909925461
0.18941399455070496
0.1432269960641861
0.17358699440956116
-0.015598000027239323
0.058424100279808044
0.124269999563694
0.007102040108293295
0.0364203006029129
0.2668749988079071
0.14625400304794312
0.0951768010854721
0.03438970074057579
0.18092499673366547
-0.03570450097322464
0.16230599582195282
0.0034988599363714457
-0.03336180001497269
0.20705200731754303
-0.07039300352334976
0.3477180004119873
-0.01318269968032837
-0.19568300247192383
0.13713499903678894
0.18669800460338593
0.09171070158481598
0.38045498728752136
-0.024427199736237526
0.13270099461078644
0.25405699014663696
-0.7100290060043335
-0.38979101181030273
-0.023092500865459442
0.25790300965309143
-0.2933500111103058
0.31551799178123474
0.2994549870491028
-0.8652920126914978
0.3109399974346161
0.05341700091958046
-0.4401029944419861
0.2344139963388443
-0.059480998665094376
0.1764799952507019
0.18158100545406342
0.17929700016975403
-0.054379601031541824
0.1275389939546585
0.13124600052833557
0.0017658000579103827
0.0229909997433424
0.156017005443573
0.18589000403881073
0.19874100387096405
0.016778700053691864
0.13334299623966217
0.04786219820380211
0.2852250039577484
-0.42230701446533203
-0.043143000453710556
0.15399900078773499
-0.01801070012152195
0.24274800717830658
0.014424299821257591
-0.3404090106487274
-0.3716689944267273
0.168721005320549
0.13747499883174896
-0.15776599943637848
-0.05237799882888794
0.09012989699840546
0.035243600606918335
-0.10931800305843353
-0.16131100058555603
-0.2820749878883362
-0.020962199196219444
0.2568970024585724
-0.3998279869556427
0.3230009973049164
0.3959690034389496
0.023583900183439255
0.15669800341129303
0.2401680052280426
-0.4396910071372986
0.05391110107302666
0.0536997988820076
0.19688299298286438
0.11888200044631958
0.2117370069026947
0.014135300181806087
0.11519099771976471
0.18857599794864655
0.26811501383781433
-0.07588200271129608
0.061930399388074875
-0.0024807800073176622
0.16439799964427948
-0.16370099782943726
-0.15318599343299866
0.32732298970222473
0.03834430128335953
0.03136549890041351
0.13411100208759308
0.15274499356746674
0.17048299312591553
0.01800060085952282
0.06648749858140945
0.1822340041399002
0.0622589997947216
0.2872439920902252
-0.012921099551022053
0.11324600130319595
0.2430579960346222
0.282833993434906
-0.16546200215816498
0.06084069982171059
0.103582002222538
0.19063700735569
-0.2662479877471924
-0.11851099878549576
0.2174679934978485
0.08176840096712112
0.10102400183677673
0.13586999475955963
0.26451900601387024
0.17270299792289734
0.03047659993171692
0.1274300068616867
-0.02796510048210621
0.19963300228118896
0.0468566007912159
0.32279399037361145
0.19210399687290192
-0.006552400067448616
0.19969500601291656
0.04325750097632408
0.14784599840641022
0.20321699976921082
0.0715911015868187
0.025914600118994713
0.04644960165023804
0.6111770272254944
-0.43477699160575867
0.197612002491951
0.18966899812221527
-0.25499698519706726
0.15383100509643555
-0.0686504989862442
-0.045366398990154266
-0.021906599402427673
0.007886620238423347
-0.05849279835820198
-0.00033198698656633496
0.016584200784564018
-0.05729350075125694
-0.04468559846282005
0.02241639979183674
-0.003932950086891651
-0.028373999521136284
0.03716199845075607
-0.01720139943063259
0.027587400749325752
0.0031730099581182003
-0.031612198799848557
0.012380000203847885
-0.03223149850964546
-0.02515449933707714
-0.054496001452207565
-0.008682699874043465
0.034900400787591934
0.1688389927148819
0.03807799890637398
0.2732990086078644
0.2155729979276657
0.16759300231933594
0.25775301456451416
0.33388200402259827
-0.26061901450157166
-0.055264201015233994
0.020404500886797905
0.3221310079097748
-0.13237200677394867
-0.1860000044107437
0.19894999265670776
0.0009111320250667632
0.20061999559402466
0.1649779975414276
0.09283129870891571
0.0456571988761425
0.027797600254416466
0.057416900992393494
0.07031960040330887
0.19561100006103516
0.008636930026113987
0.10793299973011017
0.14205299317836761
-0.049330100417137146
0.06371819972991943
0.12916199862957
0.15459899604320526
0.08648669719696045
0.025251800194382668
0.22782699763774872
0.10226699709892273
0.4879559874534607
0.0734253004193306
0.026330899447202682
0.09130410104990005
-0.19075900316238403
0.23508000373840332
0.022594699636101723
0.37516000866889954
-0.4221250116825104
0.11298300325870514
0.09109629690647125
0.2585729956626892
0.36098599433898926
0.015378599986433983
0.14026400446891785
0.4150550067424774
0.35484999418258667
0.41851699352264404
0.035075001418590546
0.1904740035533905
0.3785560131072998
0.18427300453186035
-0.5414559841156006
0.19586800038814545
0.07384800165891647
-0.18704499304294586
-0.3696489930152893
-0.2408670037984848
0.23930299282073975
-0.00842067040503025
0.24968400597572327
-0.1847030073404312
0.1374090015888214
0.24528199434280396
-0.1646530032157898
-0.01677360013127327
0.11045700311660767
0.2929759919643402
0.23967699706554413
-0.11391100287437439
0.351063996553421
0.11122400313615799
0.34314000606536865
-0.363647997379303
-0.02699420042335987
0.20442700386047363
-0.09356500208377838
0.10589200258255005
0.05878489837050438
0.09323479980230331
0.372096985578537
-0.3096179962158203
-0.1392340064048767
0.22329400479793549
-0.15809200704097748
-0.08078820258378983
-0.09849009662866592
0.1326490044593811
-0.02090729959309101
0.13560999929904938
-0.08804310113191605
-0.10457000136375427
0.4432860016822815
-0.10796999931335449
0.06299559772014618
-0.11359799653291702
-0.3023209869861603
-0.21052899956703186
0.3718410134315491
0.10145799815654755
0.19483700394630432
0.09441109746694565
0.23394300043582916
0.02460319921374321
0.037348099052906036
0.15401099622249603
0.005680439993739128
0.10219799727201462
0.01643720082938671
0.13013699650764465
0.16355900466442108
0.0076295300386846066
0.042129598557949066
0.12770099937915802
0.3473510146141052
0.32828301191329956
0.0018786400323733687
0.1860329955816269
-0.006865830160677433
0.17770400643348694
-0.022457899525761604
0.03166880086064339
-0.027186300605535507
-0.04711790010333061
0.027715200558304787
-0.03840680047869682
-0.0016937700565904379
-0.02982410043478012
-0.011560100130736828
0.022751500830054283
0.003719570115208626
-0.010653800331056118
-0.027191000059247017
-0.010521099902689457
-0.05833619832992554
0.027297500520944595
-0.02084610052406788
-0.0035465199034661055
0.022716099396348
-0.002935050055384636
0.012827299535274506
-0.008078450337052345
0.04949580132961273
0.2746340036392212
0.06645660102367401
0.17749199271202087
0.17326000332832336
0.11821900308132172
0.2138029932975769
0.23796899616718292
-0.14940500259399414
-0.014414099976420403
0.06330359727144241
0.21119800209999084
-0.26872798800468445
-0.059317100793123245
0.3826330006122589
0.33583399653434753
0.17783300578594208
0.06022600084543228
0.055723000317811966
0.24885700643062592
0.02112869918346405
-0.2004529982805252
-0.38230299949645996
0.1902260035276413
0.007195360027253628
-0.2061299979686737
0.017740700393915176
0.0010343199828639627
-0.008581450209021568
-0.11507199704647064
0.0021857500541955233
-0.2236730009317398
-0.039542898535728455
0.35732099413871765
-0.5031780004501343
0.27012699842453003
-0.6595979928970337
-0.0449368990957737
0.09464620053768158
0.2738890051841736
-0.36675500869750977
0.08215930312871933
-0.01199449971318245
0.013019000180065632
-0.052637599408626556
0.027662400156259537
0.010187599807977676
-0.04793120175600052
0.0013458400499075651
0.029905999079346657
-0.03917840123176575
-0.018209900707006454
-0.013345000334084034
-0.004501020070165396
-0.046994898468256
-0.01984499953687191
-0.015591599978506565
-0.05640549957752228
-0.02998029999434948
-0.0009856009855866432
0.012516099959611893
-0.002995080081745982
-0.00837577972561121
-0.0007249880000017583
0.06972890347242355
0.25093701481819153
0.14205799996852875
0.3947390019893646
0.14389799535274506
0.03061549924314022
0.08212059736251831
0.22255399823188782
0.12827299535274506
0.10623899847269058
0.06252069771289825
0.26576799154281616
-0.06761609762907028
0.38452601432800293
-0.05950700119137764
0.014938999898731709
0.15966300666332245
-0.24627900123596191
0.22728599607944489
-0.03552339971065521
0.28722500801086426
0.27932700514793396
-0.16902300715446472
-0.11525300145149231
0.29183700680732727
-0.10452699661254883
-0.11667100340127945
-0.05541909858584404
0.4920639991760254
0.13932399451732635
0.3004379868507385
-0.1797029972076416
-0.1014999970793724
0.5106059908866882
0.10798999667167664
0.24716700613498688
-0.06418710201978683
-0.1684579998254776
-0.2882159948348999
0.3312770128250122
0.00583209004253149
-0.045090898871421814
-0.023523500189185143
0.001028890023007989
-0.02212730050086975
0.010227500461041927
-0.028110800310969353
-0.0356081984937191
-0.006759149953722954
0.04078369960188866
0.006873640231788158
0.04032669961452484
0.009531119838356972
-0.04303029924631119
-0.037877801805734634
0.01145699992775917
-0.025402000173926353
-0.033906299620866776
0.019252799451351166
0.008654559962451458
-0.0046072001568973064
-0.0006825799937359989
0.01028279960155487
-0.05820469930768013
0.021005799993872643
-0.765483021736145
0.08392419666051865
0.11594100296497345
0.09106410294771194
0.003994179889559746
0.11767199635505676
0.09931980073451996
-0.06340619921684265
0.0210207998752594
-0.9905449748039246
0.029630299657583237
-0.04317529872059822
0.15325799584388733
-1.2266199588775635
0.01146630011498928
-0.025022799149155617
-1.179029941558838
0.00812178011983633
0.1528400033712387
0.1577800065279007
0.1768909990787506
-1.4061100482940674
0.015933899208903313
0.046018000692129135
0.14826500415802002
0.04773649945855141
-0.030594900250434875
0.09610950201749802
0.03830600157380104
0.1615770012140274
-0.6272069811820984
0.08354180306196213
0.0495011992752552
0.032635100185871124
-1.0703599452972412
0.005168340168893337
0.13745300471782684
-0.6209660172462463
0.07680749893188477
-0.04732130095362663
0.6957799792289734
0.03388059884309769
-0.017590299248695374
-0.0738162025809288
-0.09791620075702667
0.1695909947156906
0.048950500786304474
-0.012377699837088585
0.03851789981126785
-0.08064539730548859
0.22016599774360657
-0.30938801169395447
-0.05834519863128662
-0.04010710120201111
-0.13655999302864075
0.3539460003376007
-0.026809999719262123
0.056399501860141754
-1.73635995388031
0.04346640035510063
0.10509999841451645
-0.04013520106673241
0.13003399968147278
-0.6754940152168274
0.06194309890270233
0.05949689820408821
-0.023290300741791725
-0.0012267699930816889
0.029182199388742447
0.038610998541116714
-0.264288991689682
0.15365499258041382
-0.9439370036125183
0.033329401165246964
-0.0037430899683386087
0.06886310130357742
-0.705748975276947
0.0062285601161420345
0.05649450048804283
-0.9747670292854309
0.1621280014514923
0.010221599601209164
0.9484639763832092
-0.0475102998316288
0.4196310043334961
-0.08220759779214859
-0.11983399838209152
-0.2007489949464798
0.04911540076136589
-0.20747900009155273
0.10288400202989578
-0.16099299490451813
0.09048499912023544
-0.3032659888267517
-0.009995520114898682
0.048349201679229736
-0.07168450206518173
0.4499480128288269
0.003194160060957074
-0.056858599185943604
-0.6322360038757324
0.11754000186920166
-0.02006709948182106
0.014139899984002113
0.002740080002695322
0.0014315299922600389
0.01048440020531416
0.03383519873023033
-0.008826980367302895
-0.013079600408673286
-0.008789380080997944
0.03213239833712578
0.025972599163651466
-0.005257649812847376
-0.0158913005143404
-0.053117599338293076
0.04753680154681206
-0.049581900238990784
-0.002128039952367544
-0.04097750037908554
-5.2407300245249644e-05
0.01728539913892746
-0.0015583799686282873
0.1155100017786026
0.5352540016174316
0.0945516973733902
-0.9943559765815735
0.02768789976835251
0.026669200509786606
0.10072699934244156
0.04982969909906387
0.10399899631738663
0.06561850011348724
-0.5644909739494324
0.05864189937710762
-0.8383659720420837
0.0732622966170311
-0.0438666008412838
0.08427099883556366
-0.9378389716148376
0.009666020050644875
0.1251640021800995
-0.4866890013217926
-0.0754631981253624
0.02957789972424507
-0.002170539926737547
-0.033382598310709
-0.010932999663054943
0.030192799866199493
0.000519454013556242
-0.039772599935531616
0.00715136993676424
-0.05741870030760765
-0.00859993975609541
-0.0622188001871109
0.020634999498724937
-0.04284369945526123
-0.001028659986332059
0.014105199836194515
-0.01969059929251671
-0.03967279940843582
0.04688740149140358
0.019847599789500237
-0.047395698726177216
-0.015841100364923477
-0.020662199705839157
-0.016248099505901337
0.04596259817481041
-0.0014769899426028132
-0.039273701608181
-0.025597000494599342
-0.04481720179319382
0.015031700022518635
-0.011870600283145905
0.0006750290049239993
0.0009572919807396829
-0.03305960074067116
-0.03988249972462654
0.02281009964644909
0.0020770200062543154
-0.02621369995176792
-0.035515300929546356
-0.030682599171996117
-0.040213700383901596
0.04122849926352501
-0.0017863999819383025
0.14924900233745575
-0.9228230118751526
0.15887700021266937
-0.7613009810447693
-0.026543499901890755
-0.008587799966335297
0.14476199448108673
-0.043642498552799225
-0.08983930200338364
0.12923400104045868
0.2929779887199402
0.20066000521183014
-1.3265199661254883
0.10668499767780304
0.013938900083303452
-0.07992450147867203
-0.7013840079307556
-0.030568599700927734
0.15945999324321747
-0.8795850276947021
-0.04316439852118492
0.1107029989361763
-0.02267419919371605
0.1867779940366745
-0.37701699137687683
-5.37172991244006e-06
-0.05749699845910072
0.1408810019493103
-0.012036100029945374
-0.05878619849681854
0.14917799830436707
0.30430299043655396
0.23839400708675385
-1.2322200536727905
0.11553499847650528
0.018508899956941605
-0.08519440144300461
-0.5208119750022888
-0.039626698940992355
0.15219800174236298
-0.9537919759750366
0.011829899623990059
0.03864689916372299
-0.2923150062561035
0.08061210066080093
-0.7899569869041443
0.0764651969075203
0.08174479752779007
-0.041281599551439285
-0.041199199855327606
-0.029544800519943237
0.07261209934949875
-0.022127000615000725
0.04639260098338127
-0.9070900082588196
0.02490130066871643
0.0025895501021295786
-0.01346960011869669
-0.842024028301239
-0.0338406004011631
0.01801469922065735
-1.1325700283050537
0.10825800150632858
-0.022608600556850433
-0.01805949956178665
-0.02258010022342205
0.004867330193519592
-0.03873730078339577
-0.023584699258208275
-0.052842698991298676
-0.04511570185422897
-0.052094701677560806
-0.0546380989253521
-0.01907620020210743
0.021797500550746918
-0.047637298703193665
-0.0025320600252598524
0.019170299172401428
0.04038370028138161
0.008724819868803024
0.0355059988796711
0.016732599586248398
0.018389400094747543
-0.008152450434863567
-0.11557599902153015
0.7469509840011597
-0.04877619817852974
-0.11772699654102325
0.07462120056152344
0.1312970072031021
0.00760939996689558
-0.02849699929356575
0.1206979975104332
-0.020051199942827225
-0.33059000968933105
-0.055818501859903336
0.11425700038671494
0.04630180075764656
0.040132101625204086
0.14027899503707886
-0.28925400972366333
-0.03453420102596283
-0.12545299530029297
0.1779869943857193
0.08857200294733047
0.11432799696922302
0.6226969957351685
0.08534950017929077
-1.0897200107574463
0.022500600665807724
-0.01991019956767559
0.11216899752616882
-0.005818579811602831
-0.008782929740846157
0.0782575011253357
-0.23961299657821655
0.10614600032567978
-0.7168020009994507
-0.004085020162165165
-0.013703299686312675
0.045842401683330536
-1.0705000162124634
-0.04132860153913498
0.06867770105600357
-0.26441699266433716
-0.0275954008102417
0.1193619966506958
0.4240730106830597
0.10137999802827835
-1.085360050201416
0.056048400700092316
-0.0404496006667614
-0.0023153400979936123
0.0393901988863945
0.016653399914503098
0.04788390174508095
-0.11146000027656555
0.10176300257444382
-0.8751909732818604
0.03930220007896423
0.005253099836409092
0.022414300590753555
-0.9832199811935425
0.024500800296664238
0.08921720087528229
-0.5946829915046692
0.04598269984126091
0.054114799946546555
-0.3484469950199127
0.048818301409482956
0.3428800106048584
0.20976899564266205
0.2191160023212433
0.1495549976825714
-0.01538070011883974
0.21679000556468964
0.030517499893903732
0.5843989849090576
-0.0605149008333683
0.44440600275993347
0.00963579025119543
-0.038231100887060165
0.1258230060338974
0.5010600090026855
0.022090399637818336
0.15035699307918549
0.4193420112133026
0.04318520054221153
0.02294049970805645
0.18294399976730347
0.05763790011405945
-1.205530047416687
0.051907800137996674
0.06559199839830399
-0.03813609853386879
-0.03314590081572533
0.041537199169397354
0.02627680078148842
-0.23578399419784546
0.04857160151004791
-0.6200019717216492
-0.020802000537514687
-0.02392989955842495
0.028130799531936646
-1.15556001663208
0.002885580062866211
-0.0460876002907753
-0.7869259715080261
0.14595399796962738
-0.06540539860725403
0.8602039813995361
-0.08615279942750931
0.02716680057346821
-0.02777159959077835
-0.03921189904212952
0.13767999410629272
-0.03014650009572506
0.12058600038290024
0.09984230250120163
-0.1346990019083023
-0.17414499819278717
0.15862800180912018
-0.036869801580905914
0.013180799782276154
0.13287900388240814
-0.11742699891328812
-0.023631099611520767
0.07374870032072067
0.08163940161466599
-0.019343700259923935
0.011546400375664234
-0.20148299634456635
0.008646230213344097
-1.2846399545669556
-0.03951279819011688
-1.3733099699020386
0.027194999158382416
0.2807289958000183
0.0049250200390815735
0.0071026599034667015
0.17707599699497223
0.1167759969830513
0.06768359988927841
0.03655629977583885
0.34040001034736633
0.3357340097427368
0.30053699016571045
0.0015105699421837926
0.17803800106048584
-0.059136200696229935
-0.0262898001819849
-0.020673200488090515
0.2827410101890564
0.07076109945774078
0.7430040240287781
-0.09333840012550354
0.3193550109863281
0.017678799107670784
0.243244007229805
0.023353800177574158
-0.031140100210905075
-0.07550449669361115
0.06109609827399254
0.019669000059366226
0.016735300421714783
0.1717900037765503
0.007215519901365042
-0.07294850051403046
-0.06297100335359573
0.050391700118780136
0.5125110149383545
0.003522289916872978
-0.013166399672627449
0.8582829833030701
0.1284569948911667
-0.005975809879601002
-0.4882020056247711
0.24562600255012512
-0.0012068100040778518
0.6752229928970337
-0.023857200518250465
0.034012600779533386
-0.47565799951553345
0.07739149779081345
-0.03776320070028305
0.03446979820728302
-0.029987599700689316
0.4909439980983734
0.4428409934043884
-0.15590600669384003
0.2629320025444031
-0.1312360018491745
0.10917799919843674
0.043205101042985916
0.3842799961566925
0.14865200221538544
-0.067119300365448
0.44297701120376587
0.1312279999256134
-0.005683570168912411
0.15268699824810028
0.011082200333476067
-0.018259400501847267
0.010350299999117851
0.19761399924755096
0.5362359881401062
-0.028232699260115623
0.3297489881515503
0.0018455300014466047
0.11867299675941467
-0.4233109951019287
0.5076389908790588
-0.2836500108242035
0.03129129856824875
-0.0064137098379433155
0.7665280103683472
0.33393099904060364
0.3905780017375946
0.2675029933452606
0.3446820080280304
-0.00502257002517581
0.7237730026245117
-0.016867399215698242
-0.03186320140957832
0.5555109977722168
0.5183759927749634
0.2418770045042038
0.003548359964042902
0.26776498556137085
0.3819180130958557
0.2760060131549835
-0.42085200548171997
0.47916799783706665
0.42432698607444763
-0.008569469675421715
0.002065100008621812
0.12503699958324432
0.45049598813056946
0.19044999778270721
0.4187229871749878
0.019616499543190002
0.035036198794841766
-0.007291980087757111
0.025296000763773918
-0.039900798350572586
0.7216470241546631
0.6707050204277039
0.31821298599243164
-0.015047299675643444
-0.4158119857311249
0.009270169772207737
0.32956698536872864
-0.2811639904975891
0.23382799327373505
-0.1453700065612793
0.07630539685487747
-0.03298979997634888
0.47971001267433167
0.27087900042533875
0.6899459958076477
0.269894003868103
0.3241010010242462
-0.04224269837141037
0.5339319705963135
0.02803260087966919
0.0005915859946981072
0.7418310046195984
0.7578120231628418
0.3315899968147278
-0.021296599879860878
-0.5906040072441101
0.3471809923648834
0.38061100244522095
-0.38156598806381226
0.31978899240493774
0.206496000289917
0.023199599236249924
-0.004958809819072485
-0.009481930173933506
-0.019665900617837906
-0.028766799718141556
-0.008585830219089985
0.02233240008354187
-0.010322099551558495
-0.02983959950506687
-0.023960299789905548
0.046769700944423676
0.0019612200558185577
-0.04421370103955269
0.003703580005094409
0.03637139871716499
-0.023304499685764313
-0.021323399618268013
-0.0033560500014573336
-0.0510747991502285
0.03601149842143059
0.03091290034353733
-0.008437270298600197
0.014508100226521492
0.730027973651886
0.22334399819374084
-0.19927799701690674
0.44577300548553467
-0.27226200699806213
-0.015336399897933006
0.33371099829673767
-0.03981050103902817
-0.00450919009745121
0.026744699105620384
0.30712100863456726
0.4678739905357361
0.013319799676537514
0.3585689961910248
0.13583900034427643
0.1731249988079071
-0.29868000745773315
0.40543898940086365
0.3097130060195923
-0.10802000015974045
-0.012452700175344944
0.45061299204826355
0.341933012008667
-0.2846759855747223
0.14963099360466003
0.10657099634408951
-0.008517810143530369
0.5380579829216003
-0.011022799648344517
-0.04884599894285202
0.2951659858226776
0.47078201174736023
0.24107299745082855
0.010798100382089615
0.15771299600601196
0.2896459996700287
0.30049198865890503
-0.1724029928445816
0.36388099193573
0.28033000230789185
0.02029860019683838
-0.039286401122808456
0.9771550297737122
-0.0536050982773304
0.3744640052318573
0.2823840081691742
0.12674400210380554
0.049799900501966476
0.11253199726343155
0.00927484966814518
0.03923819959163666
0.16738800704479218
0.17730900645256042
0.6289640069007874
0.054269999265670776
0.31912100315093994
-0.13494500517845154
-0.034345198422670364
-0.5216929912567139
0.4632349908351898
0.2535020112991333
0.08648999780416489
0.008814400061964989
0.5707229971885681
0.13088800013065338
-0.56181800365448
0.17739799618721008
0.0025910299737006426
-0.023067299276590347
0.3538169860839844
0.017623599618673325
-0.04717859998345375
-0.016936499625444412
0.02756820060312748
0.38490399718284607
-0.023966999724507332
0.3915329873561859
0.1946530044078827
0.11875300109386444
-0.2634029984474182
0.4346599876880646
0.13820800185203552
0.036222100257873535
-0.0023255799897015095
-0.16762800514698029
0.05145139992237091
1.2579699754714966
0.1684260070323944
0.4202130138874054
0.0014933800557628274
-0.2869729995727539
0.04645169898867607
-0.013458600267767906
0.34846600890159607
-0.039588600397109985
0.050061099231243134
0.02465200051665306
-0.3478870093822479
-0.3238289952278137
-0.039459001272916794
-0.03453350067138672
0.08047179877758026
0.04343299940228462
0.07750289887189865
-0.04270860180258751
-0.18607500195503235
0.26906099915504456
-1.1061300039291382
0.014374700374901295
-1.180609941482544
-0.04213640093803406
0.10934299975633621
-0.04759730026125908
-0.010701600462198257
0.24673299491405487
0.15645599365234375
0.07593990117311478
0.005382860079407692
0.4210070073604584
0.27995800971984863
0.31054601073265076
-0.010537900030612946
0.20867499709129333
-0.03484620153903961
-0.05224170163273811
-0.04567069932818413
-0.02981030009686947
-0.002684870036318898
-0.027100199833512306
0.01281640026718378
-0.0477605015039444
-0.009215829893946648
-0.012644600123167038
0.006525599863380194
0.04981569945812225
0.03872369974851608
0.024840600788593292
0.01474360004067421
-0.0038591399788856506
0.01870349980890751
-0.023854900151491165
-0.040785398334264755
-0.04094339907169342
-0.038546498864889145
-0.029290499165654182
-0.006704839877784252
0.01530310045927763
0.3988719880580902
0.1771090030670166
0.6313980221748352
0.39468100666999817
0.24156999588012695
0.010362500324845314
-0.3229050040245056
-0.003815359901636839
0.0005397860077209771
0.5673750042915344
0.5323169827461243
0.5808770060539246
-0.0013038100441917777
-0.152661994099617
0.2679870128631592
0.2306780070066452
-0.4746420085430145
0.31577199697494507
-0.45016899704933167
0.019127100706100464
-0.04187769815325737
0.00324242003262043
-0.0441850982606411
-0.018492700532078743
-0.04192730039358139
0.01758579909801483
-0.014189000241458416
-0.0104136997833848
0.03184850141406059
0.021839000284671783
0.04910289868712425
-0.030182700604200363
0.012767399661242962
-0.036628399044275284
-0.03975469991564751
-0.03883830085396767
0.03663560003042221
-0.023384399712085724
0.02132360078394413
0.047237198799848557
-0.0006945360219106078
-0.012114300392568111
-0.36216801404953003
0.196942999958992
0.13521899282932281
0.0309922993183136
-0.3603050112724304
-0.018679499626159668
-0.32392600178718567
-0.03662469983100891
0.011765199713408947
0.03707490116357803
0.025387300178408623
-0.1101590022444725
0.03107680007815361
-0.2515990138053894
-0.10218899697065353
-0.002839169930666685
0.2089020013809204
-0.19694200158119202
-0.09566409885883331
0.1537889987230301
-0.0003586919920053333
-0.013113100081682205
-0.0026026898995041847
-0.017389999702572823
-0.0030653299763798714
-0.046097300946712494
-0.031851399689912796
-0.04933540150523186
-0.03386100009083748
0.04048210009932518
-0.06813210248947144
-0.07244250178337097
-0.014813699759542942
0.035917699337005615
0.00033919198904186487
-0.03733779862523079
-0.0547466017305851
-0.045155201107263565
-0.05458600074052811
0.012214000336825848
0.000156786001753062
0.04714930057525635
0.02769779972732067
0.018006600439548492
-0.03959520161151886
-0.027112599462270737
0.0048865098506212234
-0.007107039913535118
0.028239000588655472
0.013023599982261658
-0.01708569936454296
0.016022300347685814
-0.025758400559425354
-0.00949333980679512
0.0027173899579793215
-0.0028806598857045174
-0.02214910089969635
-0.004915849771350622
-0.017933400347828865
-0.05797350034117699
0.005711370147764683
-0.003580670105293393
-0.47537198662757874
0.019794000312685966
-0.3826560080051422
0.5457800030708313
0.15739800035953522
0.35615599155426025
0.646731972694397
-0.0030235699377954006
0.22156299650669098
0.19139400124549866
0.09830790013074875
0.3143540024757385
0.16726699471473694
-0.15586499869823456
-0.04459569975733757
0.9469540119171143
-0.017916399985551834
-0.018725799396634102
0.03859040141105652
0.004248329903930426
0.017080899327993393
-0.3058359920978546
-0.07896319776773453
-0.15169300138950348
0.1373939961194992
0.3585819900035858
-0.3551740050315857
-0.2726069986820221
-0.015181800350546837
0.6357600092887878
0.14305299520492554
0.5903400182723999
0.25031501054763794
-0.1296519935131073
-0.09505999833345413
0.04803580045700073
0.08797299861907959
-0.04498609900474548
-0.17049099504947662
-0.023526299744844437
-0.006030079908668995
0.042401500046253204
0.36288100481033325
0.24265600740909576
0.4019030034542084
0.3193129897117615
0.3700520098209381
0.20598599314689636
-0.16345399618148804
0.01019820012152195
0.4544920027256012
0.31214800477027893
0.3779830038547516
0.27491599321365356
-0.1318569928407669
0.3223100006580353
-0.027731500566005707
0.053403399884700775
0.0019218899542465806
-0.539268970489502
0.004725969862192869
-0.03753169998526573
-0.18476100265979767
-0.2286739945411682
0.2645390033721924
-0.26708701252937317
-0.2326270043849945
0.13925600051879883
0.2231609970331192
0.39225301146507263
-0.048394300043582916
-0.11298400163650513
0.25012698769569397
0.18680499494075775
0.056014299392700195
0.573324978351593
-0.3255690038204193
-0.008239129558205605
0.029173199087381363
0.0011780100176110864
0.0605539008975029
-0.07633580267429352
0.01714310050010681
0.039680998772382736
-0.43591800332069397
0.4975090026855469
-0.03680169954895973
-0.005682569928467274
0.04413919895887375
-0.06282780319452286
0.6111609935760498
-0.02831440046429634
-0.36587101221084595
0.04899799823760986
0.028575200587511063
-0.19223499298095703
0.4964810013771057
-0.5934230089187622
-0.02763579972088337
-0.6287140250205994
0.026753399521112442
-0.023868799209594727
-0.026847800239920616
0.016975799575448036
0.017677700147032738
-0.0502207987010479
0.18310099840164185
0.27651500701904297
0.1321450024843216
0.3365100026130676
-0.3417910039424896
-0.04185020178556442
0.04031280055642128
0.19783799350261688
0.06734920293092728
0.38298299908638
0.18359200656414032
-1.0868799686431885
0.058305900543928146
0.0351530984044075
-0.25197499990463257
0.014731000177562237
0.05926059931516647
0.023047300055623055
0.05708190053701401
-0.03350520133972168
0.7428629994392395
-1.1205799579620361
-0.20866699516773224
0.16998599469661713
0.17046000063419342
0.45931801199913025
0.16019199788570404
-0.0140947001054883
-0.17327499389648438
0.19496800005435944
-0.43417900800704956
-0.0477989986538887
-0.45488598942756653
0.6658579707145691
0.04832490161061287
0.007549060042947531
-0.025746900588274002
-0.03742239996790886
-0.051616501063108444
0.03976820036768913
0.05291270092129707
-0.7859730124473572
-0.12121199816465378
-0.0060874600894749165
0.5280600190162659
0.10086099803447723
-0.1867859959602356
-0.3235990107059479
0.010758399963378906
0.2982180118560791
-0.014063100330531597
0.3537690043449402
0.22026599943637848
0.24358400702476501
-0.32250699400901794
0.019336799159646034
0.4542759954929352
-0.0021083499304950237
-0.18438400328159332
-0.06759630143642426
0.02093289978802204
0.030708499252796173
-0.03558250144124031
-0.01333479955792427
-0.02229359932243824
0.02086769975721836
-0.02275330014526844
-0.008220570161938667
-0.0017314599826931953
-0.04868900030851364
-0.01649560034275055
-0.04731040075421333
0.04447690024971962
-0.04942850023508072
-0.02868260070681572
0.00930382963269949
0.03879090026021004
-0.018296999856829643
0.01632699929177761
-0.0271224994212389
-0.010432500392198563
0.035217899829149246
0.0
0.3979569971561432
-0.5927389860153198
0.07680299878120422
-0.18521800637245178
0.10434799641370773
0.05800599977374077
-0.2149139940738678
-0.012699900195002556
0.25872400403022766
0.1271599978208542
0.19711700081825256
0.04932589828968048
-0.7200930118560791
0.5308820009231567
-0.039641398936510086
-0.25472399592399597
-0.049257900565862656
0.016847599297761917
-0.017343899235129356
0.018516099080443382
0.014539400115609169
-0.2819490134716034
0.5865529775619507
0.0421161986887455
0.02271829918026924
0.38208499550819397
0.2870410084724426
0.6203050017356873
0.026071999222040176
0.2690350115299225
0.06925279647111893
-0.16291800141334534
0.029194600880146027
0.08773709833621979
-0.22531799972057343
0.010523499920964241
0.6035140156745911
0.004113100003451109
-0.11671900004148483
0.011666099540889263
0.027441900223493576
0.035711199045181274
0.2522900104522705
-0.5429120063781738
0.06784989684820175
0.5927119851112366
0.20909500122070312
-0.006881120149046183
0.0749559998512268
-0.006216459907591343
0.5330349802970886
0.11948899924755096
0.3297489881515503
0.25862398743629456
-0.5419120192527771
0.24571700394153595
0.0357775017619133
0.21542200446128845
-0.03309750184416771
-0.20301899313926697
0.02172430045902729
0.01922529935836792
0.04083880037069321
0.5901020169258118
-0.31807398796081543
-0.32570600509643555
0.03848240152001381
0.48194000124931335
0.10222499817609787
-0.18071700632572174
0.03609979897737503
0.4088999927043915
0.37220001220703125
0.2032800018787384
0.34056100249290466
-0.13158699870109558
0.7392659783363342
-0.03713430091738701
-0.2411849945783615
0.05016250163316727
-0.2756580114364624
0.0009775919606909156
-0.013761499896645546
-0.08129739761352539
0.10311199724674225
-0.16731800138950348
-0.627036988735199
0.6325240135192871
0.2300570011138916
0.41103100776672363
0.6171280145645142
0.04322180151939392
0.399619996547699
0.19662299752235413
0.21743300557136536
0.398499995470047
-0.2402469962835312
0.11797499656677246
-0.031111499294638634
0.5750589966773987
0.034273501485586166
-0.29669201374053955
0.016588199883699417
0.02806510031223297
-0.0748450979590416
-0.0844172015786171
0.23185299336910248
0.01627960056066513
-0.29958799481391907
0.43998900055885315
0.2886219918727875
-0.021149499341845512
0.004823979921638966
0.3041349947452545
0.158051997423172
0.3254519999027252
0.11323700100183487
0.030214199796319008
0.050095099955797195
0.013236099854111671
0.46329501271247864
-0.030746199190616608
0.09492699801921844
-0.05239100009202957
-0.026743099093437195
0.008993829600512981
-0.4187859892845154
0.4212549924850464
0.535614013671875
0.18675999343395233
0.35877200961112976
0.36815300583839417
0.5313649773597717
0.029867300763726234
0.47218701243400574
-0.10647899657487869
0.38837000727653503
0.1818930059671402
0.25270599126815796
-0.3723360002040863
0.042923200875520706
0.944383978843689
-0.007587910164147615
-0.22145800292491913
-0.02118780091404915
0.04086809977889061
-0.024160800501704216
-0.02847990021109581
-0.04683090001344681
-0.00026194500969722867
-0.01099919993430376
0.017875900492072105
0.010493800044059753
0.02663400024175644
0.00645055016502738
-0.05050159990787506
-0.02269200049340725
-0.013331299647688866
0.022204499691724777
-0.022304100915789604
-0.028840400278568268
0.006105939857661724
-0.009677699767053127
-0.029627200216054916
-0.009800069965422153
0.03737960010766983
-0.02459939941763878
-0.005052819848060608
0.524802029132843
-0.3311159908771515
0.34971699118614197
0.36566999554634094
0.05156579986214638
0.06768109649419785
-0.34313198924064636
0.041796598583459854
0.1960510015487671
0.32613998651504517
-0.29328298568725586
0.36280399560928345
-0.4841090142726898
0.41865700483322144
0.03811290115118027
-0.13154900074005127
-0.026570999994874
0.030502300709486008
0.01855739951133728
0.007378609851002693
0.10348600149154663
-0.558459997177124
0.3729439973831177
-0.040473099797964096
-0.0845377966761589
0.3792380094528198
0.22637300193309784
0.4175280034542084
-0.009995070286095142
0.12835800647735596
0.20470799505710602
0.08054810017347336
0.07098910212516785
-0.08798100054264069
-0.6624540090560913
-0.046547699719667435
-0.06843280047178268
-0.014011699706315994
0.013818999752402306
-0.0011668700026348233
0.015694500878453255
-0.016668900847434998
0.00039862599805928767
-0.052689701318740845
-0.018017500638961792
-0.007496989797800779
-0.05832720175385475
-0.05710050091147423
-0.01456610020250082
0.03150409832596779
-0.016668299213051796
-0.03437409922480583
0.01985130086541176
0.0028051200788468122
0.011466500349342823
-0.055359598249197006
-0.0009074269910342991
0.02493860013782978
0.036039698868989944
0.008914710022509098
0.02778480015695095
-0.014875900000333786
-0.0103321997448802
-0.3453949987888336
0.20630699396133423
-0.12568099796772003
0.08951400220394135
0.052013099193573
-0.18741099536418915
0.09049029648303986
-0.25849398970603943
-0.027728600427508354
-0.08142949640750885
0.03790440037846565
-0.3939880132675171
-0.10578899830579758
-0.39756399393081665
0.09425230324268341
-0.06956829875707626
-0.009299320168793201
-0.01680999994277954
0.08382239937782288
-0.01814970001578331
0.020229099318385124
-0.17498500645160675
-0.4935329854488373
-0.45619699358940125
-0.017518000677227974
0.4091010093688965
0.43095600605010986
0.21075700223445892
-0.06452120095491409
-0.03782439976930618
-0.15005899965763092
-0.09034260362386703
-0.0923485979437828
-0.00465779984369874
-0.2438579946756363
-0.21124300360679626
-0.31457799673080444
0.009562090039253235
0.16396300494670868
0.21824200451374054
-0.02547439932823181
0.00350379990413785
-0.3282510042190552
0.10742100328207016
-0.21384300291538239
-0.005282219965010881
0.2913079857826233
0.7039549946784973
0.05775870010256767
-0.02396479994058609
0.040997300297021866
0.11407999694347382
-0.15090300142765045
-0.4003460109233856
-0.5962780117988586
-0.09794739633798599
-0.11527500301599503
-0.13968299329280853
0.024788599461317062
-0.19045299291610718
0.15181399881839752
0.00776383001357317
0.010104999877512455
-0.39524999260902405
-0.040386099368333817
-0.06524740159511566
-0.16428999602794647
0.41417399048805237
-0.023541800677776337
-0.0698235034942627
-0.039393600076436996
0.03942809998989105
0.3493480086326599
-0.16335999965667725
-0.10090900212526321
-0.546875
0.3041979968547821
0.07326409965753555
-0.44117599725723267
0.024903900921344757
0.015302799642086029
0.1101830005645752
0.05981289967894554
0.0184004008769989
-0.3994469940662384
0.06224830076098442
-0.32621800899505615
-0.11185699701309204
0.189627006649971
0.38394299149513245
-0.1627420037984848
-0.18666699528694153
0.021912600845098495
-0.10698200017213821
-0.10305800288915634
-0.12705500423908234
-0.623993992805481
0.1612669974565506
0.08676890283823013
-0.22436000406742096
0.026118900626897812
-0.05731379985809326
0.20061400532722473
-0.010131499730050564
0.00035451201256364584
-0.07359369844198227
-0.13642799854278564
-0.20749199390411377
-0.034817300736904144
0.4237369894981384
0.29837098717689514
-0.037532299757003784
-0.5877209901809692
0.004616450052708387
0.32193300127983093
-0.19676199555397034
-0.025714300572872162
0.07864519953727722
-0.3486030101776123
-0.05485760048031807
-0.06445609778165817
-0.0225421991199255
0.1466190069913864
-0.37344300746917725
-0.00398981012403965
0.005262100137770176
0.01667799986898899
-0.5170450210571289
-0.5720959901809692
0.10936000198125839
-0.07125789672136307
0.9127060174942017
-0.7060210108757019
0.052297499030828476
-0.0024454500526189804
0.8737519979476929
-0.0643204003572464
-0.2599030137062073
-0.5544670224189758
-0.014650300145149231
-0.21696999669075012
-0.005744310095906258
0.015430999919772148
-0.239328995347023
0.18543699383735657
-0.014644400216639042
0.028891999274492264
-0.28426799178123474
0.08178339898586273
0.01955600082874298
-0.3210259974002838
0.43834900856018066
-1.1463600397109985
0.07447069883346558
-0.008393630385398865
0.014561699703335762
0.08106130361557007
-0.10833500325679779
0.206727996468544
0.07629270106554031
-0.14741000533103943
-0.14325100183486938
-0.10899300128221512
0.023004399612545967
0.1714790016412735
-0.7549530267715454
0.015004499815404415
0.013388499617576599
-0.017435599118471146
0.16120800375938416
-0.5116479992866516
0.0688960999250412
-0.612837016582489
-0.07255460321903229
-1.0231900215148926
0.42757800221443176
0.037308499217033386
-0.2501220107078552
-0.18114599585533142
-0.1143990010023117
-0.16370800137519836
-0.015328899957239628
0.055026400834321976
-0.01622829958796501
0.02130250073969364
-0.5373169779777527
-0.38620200753211975
0.016771800816059113
0.09207169711589813
0
1
