3
9
5
20
20
20
20
20
ReLU
ReLU
ReLU
ReLU
ReLU
Affine
0.683758020401001
-0.09121350198984146
-0.21119900047779083
0.03343759849667549
0.4833790063858032
-0.21728500723838806
-0.21189799904823303
0.04904809966683388
0.539139986038208
-0.26867300271987915
-0.3073959946632385
-0.06243310123682022
0.6434900164604187
-0.13791899383068085
-0.16389000415802002
0.032651301473379135
-0.2708609998226166
-0.0002914000069722533
-0.20122699439525604
-0.08932340145111084
0.005680750124156475
0.0024737101048231125
0.0003015809925273061
-0.005294890142977238
1.0749599933624268
-0.013505600392818451
-0.0003808070032391697
0.054504700005054474
0.6487169861793518
0.4623590111732483
-0.10730499774217606
0.06405720114707947
-0.0035504100378602743
-0.004201000090688467
0.0071439798921346664
-0.008340779691934586
1.0240700244903564
-0.14000700414180756
0.08549349755048752
0.07563450187444687
0.004954480100423098
0.010882199741899967
0.0002466709993313998
-0.00888048019260168
0.7673490047454834
-0.1223130002617836
-0.1018730029463768
0.018345799297094345
1.3690299987792969
0.002825800096616149
-0.26440298557281494
-0.10176300257444382
1.0014300346374512
0.03496209904551506
-0.045154500752687454
0.0564069002866745
-0.0005211459938436747
-0.0035811399575322866
0.001167959999293089
-0.004119160119444132
1.5402599573135376
-0.13359999656677246
0.01526500005275011
0.022647799924016
0.7170259952545166
-0.0805371031165123
-0.12196499854326248
0.037865400314331055
1.313979983329773
-0.029048500582575798
-0.1494150012731552
-0.03386610001325607
0.5918200016021729
-0.1856209933757782
-0.239315003156662
0.008017339743673801
0.6966549754142761
-0.09815099835395813
-0.21636199951171875
0.047770000994205475
0.1345140039920807
0.1349090039730072
-0.04935590177774429
0.1541689932346344
-0.36546099185943604
-0.03044229932129383
0.13512000441551208
-0.07973229885101318
0.01939699985086918
0.22148700058460236
-0.04125259816646576
0.13008800148963928
0.2688489854335785
0.13147300481796265
0.029002200812101364
-0.9784979820251465
0.1767909973859787
0.14392399787902832
0.031829800456762314
0.14648699760437012
0.02639799937605858
0.18677100539207458
0.05261220037937164
-0.13712599873542786
0.14730699360370636
-0.19014200568199158
-0.0295524001121521
0.24394899606704712
0.1539130061864853
0.05042459815740585
0.09942439943552017
0.0313229002058506
0.10092400014400482
0.6516770124435425
0.28532201051712036
-0.04165349900722504
-0.8714830279350281
0.1552720069885254
0.3876529932022095
0.11418099701404572
0.18373000621795654
0.02654629945755005
0.12553800642490387
0.14172199368476868
0.03624359890818596
0.1758970022201538
-0.600488007068634
0.02956949919462204
0.13193899393081665
-0.2794939875602722
0.03771910071372986
0.387813001871109
-0.037880200892686844
0.16722899675369263
0.08183850347995758
0.07327160239219666
-0.024539100006222725
-0.8073710203170776
0.16834600269794464
0.02746709994971752
0.05279820039868355
0.10827299952507019
0.03521230071783066
0.1812639981508255
0.07126309722661972
-0.06973399966955185
0.10774700343608856
-0.17255400121212006
0.02335759997367859
0.21313799917697906
0.0842192992568016
-0.02736400067806244
0.20326299965381622
0.01594739966094494
0.13036899268627167
0.5034080147743225
0.25683900713920593
-0.03469439968466759
-0.9122430086135864
0.1404999941587448
0.2723430097103119
0.0896340012550354
0.19232000410556793
0.027223000302910805
0.029847800731658936
0.12301400303840637
0.35592201352119446
0.09267090260982513
-0.20299600064754486
0.030079299584031105
0.06893440335988998
-0.04637249931693077
0.02048639953136444
0.137595996260643
0.031916700303554535
0.18002499639987946
0.06327279657125473
-0.0549280010163784
-0.030636100098490715
1.7320799827575684
-0.041006799787282944
-0.05131629854440689
0.21509100496768951
0.01973770000040531
-0.011358399875462055
0.09208469837903976
0.12910500168800354
0.03637539967894554
0.17780500650405884
-0.47139400243759155
-0.05065179988741875
0.15068300068378448
-0.21926699578762054
0.026231400668621063
0.38342899084091187
-0.011902499943971634
0.10624799877405167
0.1944819986820221
0.13041000068187714
-0.041812699288129807
-0.82539302110672
0.15196600556373596
0.04428999871015549
0.1579499989748001
0.15914200246334076
0.019449099898338318
0.10966599732637405
0.16762900352478027
0.08491110056638718
0.15305399894714355
-0.09623560309410095
-0.04392839968204498
0.024456100538372993
-0.11947499960660934
-2.8260699764359742e-05
0.1843090057373047
-0.001174389966763556
0.08951090276241302
0.132191002368927
0.13999499380588531
-0.04578090086579323
-0.9387959837913513
0.09933389723300934
0.011700799688696861
0.16532300412654877
0.16702799499034882
0.011242000386118889
0.19194500148296356
0.1617410033941269
0.0841841995716095
0.1410290002822876
-0.2159940004348755
-0.04208489879965782
0.0372283011674881
-0.11940799653530121
-0.0029978700913488865
0.2234490066766739
0.03479180112481117
0.16076700389385223
0.16151100397109985
0.08388890326023102
-0.017108099535107613
-0.8394039869308472
0.1317950040102005
0.05100160092115402
0.19092600047588348
0.13766300678253174
0.009052399545907974
-0.07409749925136566
-0.041718900203704834
0.07907850295305252
-0.024142099544405937
0.06371799856424332
-0.009555179625749588
0.09443660080432892
0.11793799698352814
-0.03601720184087753
-0.058513399213552475
0.03148519992828369
-0.030274400487542152
0.08932659775018692
-0.06097469851374626
0.019629700109362602
1.3381999731063843
-0.07177659869194031
-0.035144999623298645
0.0011058800155296922
-0.04955359920859337
0.10013999789953232
0.1361059993505478
0.09982290118932724
0.047852400690317154
0.17390799522399902
-0.6416609883308411
0.04117029905319214
0.19279499351978302
-0.2182150036096573
0.014052099548280239
0.42328599095344543
0.021965699270367622
0.14250199496746063
0.12430600076913834
0.061503998935222626
-0.041086699813604355
-0.6807820200920105
0.08854780346155167
0.07584690302610397
0.1405549943447113
0.14608600735664368
0.010895200073719025
-0.05812729895114899
-0.04554690048098564
0.07374270260334015
-0.07815299928188324
0.08374500274658203
0.03683089837431908
0.06651680171489716
0.07523799687623978
0.017798999324440956
0.06465650349855423
-0.0013255899539217353
-0.012007799930870533
0.024110600352287292
0.02009359933435917
-0.04627139866352081
1.3398000001907349
-0.06962080299854279
0.000710059015545994
0.017395099624991417
-0.09583760052919388
0.10254500061273575
-0.11329600214958191
-0.019971199333667755
0.02143239974975586
-0.09835849702358246
0.09908980131149292
0.003390480065718293
0.1897750049829483
0.15546099841594696
-0.03929369896650314
0.0684932991862297
0.035307999700307846
0.022521499544382095
0.051265500485897064
-0.07419230043888092
0.02277359925210476
1.2831300497055054
-0.0345785990357399
-0.010475300252437592
0.006628649774938822
-0.12302300333976746
0.10456600040197372
0.12785500288009644
0.14957299828529358
0.09188109636306763
0.1505270004272461
-0.5143659710884094
0.03179340064525604
0.10268799960613251
-0.22383099794387817
0.01031230017542839
0.420522004365921
-0.011030299589037895
0.1654919981956482
0.0637935996055603
0.05164710059762001
-0.008957739919424057
-0.6561980247497559
0.1632319986820221
0.012059000320732594
0.14490599930286407
0.09743230044841766
0.022177500650286674
0.08552660048007965
0.1458909958600998
0.023722300305962563
0.12664000689983368
-0.42156699299812317
-0.04279429838061333
0.09054359793663025
-0.1299780011177063
-0.03190179914236069
0.33613499999046326
-0.040995799005031586
0.10903999954462051
0.21859699487686157
0.10694699734449387
0.007586789783090353
-0.9166659712791443
0.1436139941215515
0.09266159683465958
0.09602729976177216
0.16487400233745575
0.029194699600338936
0.028261499479413033
0.1057019978761673
0.14205199480056763
-0.026387499645352364
1.2122600078582764
-0.02413240075111389
-0.7646170258522034
-0.003176890080794692
0.0036533400416374207
-0.3539170026779175
-0.048698801547288895
-0.07892180234193802
-1.2732399702072144
-0.48973900079727173
0.0069689699448645115
-1.4383800029754639
-0.09154190123081207
-0.7336819767951965
0.05333859845995903
0.04648829996585846
0.1288450062274933
0.04868920147418976
-0.0470660999417305
-0.021103600040078163
-0.02835630066692829
0.007397159934043884
-0.01625780016183853
0.027178199961781502
-0.009606840088963509
0.016226600855588913
-0.02778249979019165
-0.0024977100547403097
-0.015538400039076805
0.023282499983906746
-0.006241810042411089
0.030330300331115723
-0.035537999123334885
-0.040223199874162674
-0.013593699783086777
-0.00595185998827219
-0.005082900170236826
-0.00564112002030015
0.18212200701236725
0.12135200202465057
0.0009390009799972177
0.12060599774122238
-0.15281200408935547
-0.0212629996240139
0.10035999864339828
0.06251659989356995
-0.031202299520373344
0.1844940036535263
-0.02624629996716976
0.16206499934196472
0.37634599208831787
0.1549309939146042
-0.011466600000858307
-0.866470992565155
0.16051700711250305
0.19369900226593018
0.09891050308942795
0.16175200045108795
0.013518700376152992
-0.0670199990272522
-0.07011990249156952
0.09184200316667557
-0.04787379875779152
0.0603909008204937
-0.043019700795412064
0.16789500415325165
0.0517611987888813
-0.028949899598956108
-0.009652390144765377
-0.001568680047057569
-0.03360610082745552
0.05397209897637367
0.024067500606179237
0.002268139971420169
1.3735100030899048
-0.10300800204277039
0.04708569869399071
0.029325399547815323
-0.0904608964920044
0.10426399856805801
0.12925800681114197
0.20685899257659912
0.16822199523448944
0.1917790025472641
-0.594057023525238
-0.03579479828476906
0.14703799784183502
-0.33779799938201904
-0.03182920068502426
0.5104979872703552
-0.008046460337936878
0.12734000384807587
0.0018520100275054574
0.07972659915685654
-0.020464900881052017
-0.524740993976593
0.15282399952411652
-0.051940400153398514
0.18804900348186493
0.15357600152492523
0.04392309859395027
-0.03296370059251785
0.034240998327732086
0.04495939984917641
-0.04868920147418976
-0.015888499096035957
-0.00992237962782383
0.019346099346876144
0.0003002519952133298
-0.014911600388586521
-0.05072439834475517
-0.04125890135765076
-0.024581000208854675
0.029607199132442474
0.010853099636733532
0.01240480039268732
-0.03916740044951439
0.020490700379014015
-0.027325600385665894
-0.04296949878334999
-0.032678600400686264
-0.007087599951773882
0.16863399744033813
0.20252999663352966
0.12408199906349182
0.20520900189876556
-0.26121801137924194
0.10965900123119354
0.10926400125026703
0.15398100018501282
-0.2890869975090027
0.10016299784183502
-0.31478801369667053
-0.2868399918079376
0.11981300264596939
0.14884600043296814
-1.0455199480056763
-0.03983509913086891
0.15226399898529053
-0.326119989156723
0.09098120033740997
-0.046238500624895096
0.02631549909710884
0.03672080114483833
0.02083580009639263
0.029492899775505066
-0.047471098601818085
-0.011783299967646599
0.00027034900267608464
0.028651999309659004
-0.05082910135388374
0.0407710000872612
0.005362810101360083
-0.028662800788879395
0.03547060117125511
0.010358699597418308
-0.05211170017719269
-0.04133769869804382
0.04468819871544838
0.026980800554156303
-0.0317143015563488
-0.014907600358128548
0.03950659930706024
-0.004837090149521828
0.16799800097942352
0.19328799843788147
0.09717109799385071
0.21960300207138062
-0.0918772965669632
0.13128699362277985
0.08686979860067368
0.1634950041770935
-0.32473498582839966
0.16729600727558136
-0.32929399609565735
-0.30194398760795593
0.14026199281215668
0.12032199651002884
-1.4778200387954712
-0.04120640084147453
0.18896900117397308
-0.3330090045928955
0.07904669642448425
-0.010979799553751945
-0.03914650157094002
0.20031499862670898
0.2556140124797821
0.09538179636001587
0.18444299697875977
-0.5161920189857483
0.08477660268545151
0.046463098376989365
0.10867899656295776
-0.20911599695682526
0.08198729902505875
-0.20555000007152557
-0.2140430063009262
0.03198830038309097
0.13793599605560303
-1.2969599962234497
-0.012924900278449059
0.12254399806261063
-0.19015799462795258
-0.0652398020029068
-0.0355944000184536
0.1171569973230362
0.07133609801530838
0.06539119780063629
0.06871999800205231
0.14503900706768036
-0.31933000683784485
0.13055899739265442
0.15776999294757843
0.106843002140522
-0.3934729993343353
0.12494999915361404
-0.4133960008621216
-0.3357360064983368
0.1303739994764328
0.13528600335121155
-0.8372439742088318
0.010251999832689762
0.05570419877767563
-0.40039798617362976
0.07125329971313477
-0.009256820194423199
-0.009341980330646038
0.21667000651359558
0.07381489872932434
0.48336800932884216
0.1522340029478073
0.17906500399112701
0.41719499230384827
0.21347400546073914
0.23962900042533875
-0.20356899499893188
0.3847239911556244
-0.10202000290155411
-0.14423400163650513
0.4242280125617981
0.324180006980896
-1.1616899967193604
-0.012334699742496014
0.10256599634885788
-0.1385429948568344
0.5015310049057007
-0.026375699788331985
0.11834199726581573
0.11722300201654434
0.15100300312042236
0.02222749963402748
0.173225998878479
-0.47582900524139404
0.10188499838113785
0.21515700221061707
0.199972003698349
-0.4347809851169586
0.0018856000388041139
-0.4400700032711029
-0.4471740126609802
0.034514401108026505
0.09224779903888702
-0.2953389883041382
0.025006800889968872
0.15310800075531006
-0.44833898544311523
0.050040099769830704
-0.030371900647878647
0.06116199865937233
-0.01288789976388216
-0.003192960051819682
0.020691199228167534
0.05593619868159294
0.67153400182724
0.019960200414061546
-0.031701501458883286
0.02438960038125515
0.4942130148410797
0.08150249719619751
0.5428320169448853
0.5076519846916199
0.049970101565122604
-0.004433020018041134
-0.26337599754333496
-0.03426549956202507
-0.014825300313532352
0.5436949729919434
0.057551201432943344
0.0292092002928257
0.06589429825544357
-0.053439099341630936
0.0495854988694191
-0.01575939916074276
-0.04152679815888405
0.7090820074081421
0.0463516004383564
0.03905950114130974
0.06556200236082077
0.4842489957809448
0.08960139751434326
0.4470359981060028
0.48410001397132874
0.049699001014232635
-0.004114809911698103
0.10926099866628647
-0.04253640025854111
-0.017388099804520607
0.5422520041465759
0.09629300236701965
-0.017341099679470062
0.08668079972267151
0.15255999565124512
0.05294819921255112
0.20238099992275238
0.13088099658489227
-0.42013901472091675
0.19200800359249115
0.12166000157594681
0.08463720232248306
-0.27520298957824707
0.16317200660705566
-0.22826899588108063
-0.2229910045862198
0.1618809998035431
0.14435000717639923
-1.1790200471878052
0.04747359827160835
0.046592000871896744
-0.1823209971189499
0.11774300038814545
-0.007135740015655756
0.1445859968662262
0.11369699984788895
0.2235729992389679
0.07834789901971817
0.19343000650405884
-0.40012601017951965
0.13176800310611725
0.1501370072364807
0.06323470175266266
-0.2821980118751526
0.12280800193548203
-0.28137698769569397
-0.2791439890861511
0.05160779878497124
0.17044700682163239
-1.2614200115203857
-0.04753879830241203
0.1555909961462021
-0.25891798734664917
0.041353899985551834
-0.032092999666929245
0.09358060359954834
0.031190799549221992
0.021592799574136734
-0.01827779971063137
-0.02040790021419525
-0.028260400518774986
0.016746999695897102
0.015523199923336506
-0.049452800303697586
-0.0049684601835906506
-0.043686699122190475
-0.052429500967264175
0.008907089941203594
-0.0016832699766382575
-0.051556799560785294
-0.006014460232108831
0.037835899740457535
-0.03955740109086037
0.02172889932990074
0.04431840032339096
0.03595089912414551
-0.012336499989032745
0.19652299582958221
0.1696459949016571
0.189177006483078
0.11410699784755707
-0.28348100185394287
0.1400730013847351
0.1463800072669983
0.1782979965209961
-0.3390589952468872
0.19502399861812592
-0.30689099431037903
-0.32616400718688965
0.11358200013637543
0.18976899981498718
-0.950344979763031
0.011663099750876427
0.16817399859428406
-0.3514229953289032
0.16382600367069244
0.03646890074014664
0.03686349838972092
0.02092510089278221
-0.05892759934067726
-0.026534099131822586
0.028644299134612083
-0.02589859999716282
0.02712409943342209
0.031081700697541237
-0.05238199979066849
-0.0076484098099172115
-0.026434900239109993
0.018045499920845032
-0.041304100304841995
-0.04347660019993782
0.03571930155158043
0.015507999807596207
0.0478425994515419
-0.005871170200407505
0.020079700276255608
-0.048176199197769165
-0.039725299924612045
-0.013854799792170525
0.14824500679969788
-0.007542919833213091
0.2783460021018982
0.0812712013721466
-0.18557199835777283
0.1817770004272461
0.21386800706386566
0.23712599277496338
-0.40808001160621643
0.20496900379657745
-0.4774410128593445
-0.47777900099754333
0.22171899676322937
0.17897799611091614
-0.19252100586891174
0.04843509942293167
0.09924809634685516
-0.4632369875907898
0.20852500200271606
0.045091599225997925
0.03542010113596916
0.15862800180912018
0.33401599526405334
-0.009480799548327923
0.276856005191803
-0.4690209925174713
0.021619200706481934
0.054499201476573944
-0.007659459952265024
-0.15178699791431427
-0.03707629814743996
-0.2531540095806122
-0.1505720019340515
-0.06665010005235672
0.05983339995145798
-1.403939962387085
-0.008298690430819988
0.21501800417900085
-0.18708999454975128
-0.0689741000533104
0.002943360013887286
0.0992778018116951
0.17916199564933777
0.17586199939250946
0.1794160008430481
0.19734999537467957
-0.3625609874725342
0.16829299926757812
0.05236149951815605
0.11849299818277359
-0.2808459997177124
0.11958499997854233
-0.22709700465202332
-0.20055699348449707
0.04849589988589287
0.10648900270462036
-1.3878200054168701
0.03541100025177002
0.11663399636745453
-0.1980929970741272
0.11763600260019302
-0.0023432299494743347
0.07349040359258652
0.14415200054645538
0.043576400727033615
0.24125200510025024
0.05099070072174072
0.020240699872374535
0.2201479971408844
0.22601500153541565
0.22520899772644043
-0.45337098836898804
0.22240899503231049
-0.4506010115146637
-0.5435460209846497
0.28640100359916687
0.1507750004529953
-0.42739999294281006
0.03882589936256409
0.14459100365638733
-0.41250699758529663
0.2640480101108551
-0.009013909846544266
-0.10449100285768509
0.1007160022854805
0.12979300320148468
0.14337900280952454
0.182545006275177
-0.030953500419855118
0.17125500738620758
0.073677197098732
0.12194299697875977
-0.3617059886455536
0.10418400168418884
-0.28578799962997437
-0.30844199657440186
0.0701896995306015
0.11125700175762177
-1.1117899417877197
-0.037949200719594955
0.15521299839019775
-0.27619799971580505
0.15692999958992004
-0.03246669843792915
-0.05697929859161377
0.14249299466609955
0.33512499928474426
0.02698419988155365
0.30339598655700684
0.093299500644207
0.10568299889564514
0.1820710003376007
0.20897600054740906
-0.15180499851703644
0.0948811024427414
-0.18974000215530396
-0.18928299844264984
0.09835690259933472
0.1444150060415268
-1.580199956893921
-0.005901299882680178
0.25854000449180603
-0.17244499921798706
0.024522999301552773
-0.021031800657510757
-0.07464669644832611
0.1985359936952591
0.0150864003226161
-0.424591988325119
1.1480599641799927
0.2625870108604431
0.027732200920581818
0.3442229926586151
0.11579100042581558
-0.07449769973754883
0.09368609637022018
0.7397710084915161
-0.016147900372743607
0.05827150121331215
-0.020036600530147552
-0.7028700113296509
1.2100900411605835
0.48458999395370483
-0.3871999979019165
-0.19541600346565247
-0.38027501106262207
0.0917247012257576
0.006626559887081385
-0.042937301099300385
0.01000049989670515
-0.05704160034656525
-0.04795230180025101
0.008767819963395596
0.02979999966919422
0.0111413998529315
-0.03621640056371689
0.041394900530576706
-0.01221999991685152
-0.030291099101305008
-0.04087340086698532
0.04028400033712387
-0.006416449788957834
-0.05373860150575638
-0.04137970134615898
-0.007664669770747423
-0.012239799834787846
0.0008966380264610052
-0.006580989807844162
0.3227649927139282
0.005508619826287031
0.6044690012931824
0.09443730115890503
0.41043800115585327
0.11402200162410736
0.03843659907579422
-0.40779799222946167
-0.4716140031814575
0.15073999762535095
0.14655199646949768
-0.030573200434446335
0.20812399685382843
-0.014358400367200375
0.10931500047445297
0.18129000067710876
0.1843169927597046
0.19700899720191956
0.3585070073604584
0.2723909914493561
-0.14890100061893463
0.2296220064163208
0.03669320046901703
-0.33197900652885437
0.23277699947357178
0.39297398924827576
0.1889449954032898
-0.28888800740242004
-0.2943120002746582
-0.3011060059070587
0.29120200872421265
0.20453600585460663
0.019061600789427757
0.2350659966468811
-0.028774099424481392
0.6789289712905884
0.1255909949541092
0.16533499956130981
0.9469059705734253
0.2962540090084076
0.2507149875164032
0.06773609668016434
-0.04227619990706444
0.030054200440645218
0.7412980198860168
-0.39103999733924866
-0.19904500246047974
0.4429419934749603
-0.5529199838638306
0.37111300230026245
0.37602800130844116
0.017308099195361137
-0.26221099495887756
0.04720420017838478
0.1054140031337738
0.02456130087375641
-0.3037239909172058
-0.4613269865512848
-0.08639310300350189
-0.3960860073566437
0.25300100445747375
0.3632340133190155
0.00594608997926116
0.29746899008750916
-0.011428199708461761
-0.6025559902191162
0.3434079885482788
0.1964319944381714
0.35419100522994995
1.1203299760818481
-0.33421599864959717
-0.35845598578453064
0.5104789733886719
0.46684500575065613
0.008319810032844543
0.3445740044116974
-0.04950559884309769
0.1671929955482483
0.2256920039653778
0.467166006565094
-0.3481450080871582
-0.4549109935760498
-0.4966689944267273
0.1850470006465912
0.24662700295448303
-0.02070779912173748
-0.06349159777164459
0.5419380068778992
0.32336899638175964
0.052390698343515396
-0.4680190086364746
-0.047260601073503494
-0.20681099593639374
0.20644299685955048
0.32294100522994995
0.030087800696492195
0.07029060274362564
-0.03107520006597042
0.3240770101547241
0.6557769775390625
0.22689099609851837
0.7213289737701416
0.21695099771022797
0.38534700870513916
0.07275070250034332
0.3691439926624298
0.020159199833869934
0.7750179767608643
0.2992500066757202
0.35501301288604736
0.36118900775909424
-0.5034639835357666
-0.06580019742250443
-0.07733190059661865
0.3223310112953186
0.29128700494766235
0.03054480068385601
0.39471399784088135
-0.024625999853014946
-0.0758821964263916
0.23146599531173706
0.33861300349235535
-0.042788900434970856
0.7761009931564331
0.6130130290985107
-0.10289700329303741
-0.011546299792826176
0.021487899124622345
-0.041127100586891174
0.042401500046253204
0.04355449974536896
-0.024069400504231453
0.015443200245499611
-0.013160699978470802
-0.02634279988706112
-0.03895749896764755
-0.03523220121860504
-0.028447799384593964
-0.04573630169034004
-0.041931599378585815
-0.0317034013569355
-0.02241409942507744
0.04509669914841652
-0.007509700022637844
0.04525990039110184
0.025252200663089752
-0.0006945310160517693
0.37657099962234497
-0.04412490129470825
-0.28186699748039246
0.19488200545310974
0.39572200179100037
0.21888700127601624
-0.08370749652385712
-0.4072209894657135
-0.3975220024585724
0.25283700227737427
0.3033510148525238
-0.024082999676465988
0.31770700216293335
-0.009600769728422165
0.7460169792175293
0.1514669954776764
0.2241480052471161
0.9841470122337341
0.14484800398349762
0.06462889909744263
0.029006199911236763
0.2667180001735687
0.006914480123668909
-0.2759610116481781
0.1571359932422638
0.2901949882507324
0.18473200500011444
-0.32552701234817505
-0.2512960135936737
-0.259662002325058
0.187717005610466
0.186490997672081
-0.011969299986958504
0.14442700147628784
0.023984499275684357
0.7841429710388184
0.17955900728702545
0.05392619967460632
0.9941549897193909
0.09530399739742279
0.41539400815963745
0.1030770018696785
0.013424400240182877
0.04456600174307823
0.03917570039629936
0.024568399414420128
-0.042201898992061615
-0.003736980026587844
-0.0247018001973629
0.01786790043115616
-0.022668300196528435
-0.04132070019841194
0.0007603159756399691
0.019252900034189224
-0.037053901702165604
-0.030771899968385696
0.0016760400030761957
0.008285170421004295
0.0029674998950213194
-0.039297498762607574
0.03335930034518242
-0.048889800906181335
-0.0008016910287551582
-0.02497979998588562
-0.03427410125732422
-0.03175869956612587
-0.03681249916553497
-0.019001200795173645
-0.004258539993315935
0.02049650065600872
-0.05306499823927879
0.015625400468707085
-0.049811601638793945
0.026436200365424156
0.021339699625968933
0.0037563699297606945
-0.03274109959602356
0.029951000586152077
0.012181100435554981
-0.0006445380277000368
-0.03572100028395653
-0.03515319898724556
-0.03315730020403862
-0.009571599774062634
-0.02951500006020069
0.014515900053083897
-0.004566410090774298
0.035284098237752914
0.027300700545310974
-0.01491289958357811
-0.03305559977889061
-0.020399799570441246
0.008567620068788528
-0.046653199940919876
-0.022913500666618347
-0.04981299862265587
-0.03615399822592735
0.008767030201852322
-0.03395349904894829
-0.022203199565410614
-0.012909400276839733
-0.016832999885082245
0.019321799278259277
-0.0368289016187191
-0.005667340010404587
-0.024308200925588608
0.016168199479579926
-0.05049619823694229
-0.042390599846839905
-0.0423257015645504
-0.03778320178389549
0.009877230040729046
-0.021899500861763954
0.020633799955248833
0.01682410016655922
-0.03522089868783951
-0.03594600036740303
-0.040470801293849945
-0.046859100461006165
0.00371137005276978
-0.026621799916028976
-0.05307690054178238
-0.019328199326992035
0.04055039957165718
0.025179799646139145
-0.01056359987705946
-0.03725240007042885
-0.022780099883675575
0.6409400105476379
-0.25380998849868774
-0.21821700036525726
0.15046599507331848
-1.0384600162506104
0.4144259989261627
0.37218400835990906
-0.025378499180078506
-0.3548029959201813
0.02984750084578991
-0.037520598620176315
0.00200532004237175
-0.4746910035610199
-0.18783999979496002
-0.0539809986948967
-0.27919599413871765
0.511148989200592
0.6840890049934387
-0.02303050085902214
0.4964269995689392
-0.0337458997964859
0.9569730162620544
0.31802400946617126
0.43954598903656006
0.2694990038871765
-0.4184640049934387
-0.0955595001578331
-0.17506800591945648
0.25419899821281433
0.3402160108089447
0.014005700126290321
0.4199970066547394
0.006521250121295452
-0.22950400412082672
0.3347119987010956
0.34571900963783264
-0.585860013961792
0.5329380035400391
0.5936689972877502
-0.17291699349880219
-0.015678100287914276
0.02543419972062111
0.02808629907667637
-0.016478300094604492
0.007012189831584692
0.019753500819206238
-0.013869499787688255
-0.01736610010266304
-0.018292700871825218
-0.04864969849586487
-0.012874799780547619
-0.017863500863313675
0.04873200133442879
-0.045306600630283356
-0.046370599418878555
0.03665950149297714
-0.020635399967432022
-0.04194119945168495
0.042667701840400696
-0.04446319863200188
-0.0006945360219106078
0.03518019989132881
0.0014443000545725226
-0.040146201848983765
-0.05179940164089203
-0.008020780049264431
-0.01239589974284172
-0.0479791983962059
0.030407600104808807
-0.06282000243663788
0.02209540084004402
-0.0291058998554945
0.024921799078583717
-0.046056799590587616
0.04850880056619644
0.0001599749957676977
0.006678710225969553
-0.0016888499958440661
0.034162599593400955
-0.011609399691224098
-0.01665790006518364
-0.010219399817287922
0.32977399230003357
0.0513668991625309
-0.22110000252723694
0.08505909889936447
0.3611209988594055
0.33618399500846863
0.027591999620199203
-0.40566399693489075
-0.42184901237487793
0.29660800099372864
0.1932940036058426
0.00042470000335015357
0.36414599418640137
0.03520959988236427
0.8735190033912659
0.01873530074954033
0.19633400440216064
1.1959799528121948
0.17438100278377533
0.0007676189998164773
-0.009949569590389729
0.2115049958229065
-0.020901799201965332
0.27089500427246094
0.5045149922370911
-0.05803060159087181
0.19353100657463074
0.2980169951915741
0.31763699650764465
0.015553300268948078
0.6737310290336609
0.39172598719596863
0.02190529927611351
0.030369000509381294
-0.022729400545358658
0.038788601756095886
0.017182299867272377
-0.02899559959769249
-0.010631400160491467
0.038798101246356964
0.7683219909667969
0.00045553300878964365
0.17570100724697113
0.02021940052509308
-0.08949460089206696
-0.20766499638557434
0.09335800260305405
0.5313609838485718
-0.08369970321655273
0.24128200113773346
0.015942299738526344
-0.21909700334072113
-0.2518349885940552
-0.04890879988670349
0.037244800478219986
0.015574400313198566
-0.00814215000718832
-0.13945800065994263
0.3428399860858917
-0.04505399987101555
-0.03621790185570717
-0.34424498677253723
0.02369990013539791
-0.03419709950685501
-0.007710710167884827
0.3462049961090088
0.5378950238227844
-0.18535999953746796
0.11515200138092041
0.17361299693584442
-0.007545270025730133
0.048926498740911484
0.650842010974884
0.3421030044555664
-0.04766000062227249
-0.02867560088634491
0.009743539616465569
0.0210976991802454
0.16433200240135193
-0.12969399988651276
0.044080700725317
-0.015151499770581722
0.7734689712524414
-0.04907950013875961
-0.047430701553821564
-0.01806190051138401
-0.022808799520134926
0.023600000888109207
-0.023461399599909782
0.02552489936351776
-0.004805670119822025
0.000820507004391402
-0.04051949828863144
0.03464579954743385
-0.03592969849705696
-0.029489299282431602
-0.01773889921605587
0.01838969998061657
-0.008615730330348015
-0.048980601131916046
-0.038455698639154434
0.010262800380587578
-0.040944699198007584
-0.012250600382685661
0.0
-0.04474690183997154
0.004925610031932592
-0.04248480126261711
0.025791199877858162
-0.0188595000654459
-0.045705799013376236
-0.00979045033454895
0.04246480017900467
0.021163199096918106
0.03637250140309334
-0.04079220071434975
0.010914199985563755
0.03335820138454437
-0.018350400030612946
0.012955100275576115
-0.035226400941610336
-0.03812060132622719
-0.04866209998726845
0.00163870002143085
0.0336374007165432
0.0
0.17727899551391602
0.0487762987613678
-0.06151299923658371
-0.015460199676454067
0.025857899338006973
-0.3592720031738281
0.36378198862075806
0.03233560174703598
0.010628700256347656
-0.0631444975733757
0.14499600231647491
-0.04920100048184395
0.06019039824604988
0.039865799248218536
0.04424760118126869
-0.03269299864768982
0.011451699770987034
-0.030914200469851494
-0.03135040029883385
-0.17144599556922913
0.051276400685310364
-0.014152600429952145
0.019110100343823433
-0.05171690136194229
0.04196140170097351
-0.03427699953317642
-0.04249050095677376
0.03368629887700081
0.027199599891901016
-0.03755690157413483
-0.009707700461149216
-0.02435160055756569
-0.004788519814610481
-0.024334300309419632
-0.005857150070369244
-0.0012547100195661187
-0.04700189828872681
-8.62634988152422e-05
-0.020041000097990036
-0.04109010100364685
0.0257836002856493
-0.002550849923864007
0.12643200159072876
0.00029295700369402766
0.0827023983001709
0.2855930030345917
-0.15167400240898132
0.28246399760246277
0.25802698731422424
0.3758060038089752
-0.02190130017697811
0.19593499600887299
0.29986900091171265
0.04218899831175804
0.03675819933414459
0.008099979721009731
-0.007675469852983952
-0.11193200200796127
0.4973199963569641
0.001174550037831068
0.008359739556908607
0.11755699664354324
-0.1767590045928955
-0.009421889670193195
0.03756279870867729
-0.005311910063028336
0.03303910046815872
-0.021577199921011925
-0.0051993997767567635
-0.025766799226403236
-0.049584098160266876
0.026350200176239014
0.03828150033950806
0.008204399608075619
-0.03751039877533913
-0.011769399978220463
-0.024227499961853027
0.002469940111041069
-0.006514530163258314
0.023993000388145447
-0.011832999996840954
-0.020433099940419197
-0.027762899175286293
-0.0006945320055820048
-0.03815549984574318
0.04131599888205528
0.0362217016518116
0.02143090032041073
-0.007326739840209484
-0.01444070041179657
-0.030495699495077133
0.02091429941356182
-0.025705700740218163
-0.0271076001226902
0.01400350034236908
-0.00926962960511446
0.007212200202047825
0.0059620700776577
-0.0001205890002893284
0.0059808301739394665
-0.03653759881854057
0.00013127599959261715
-0.027192700654268265
-0.010985299944877625
-0.004067969974130392
-0.1625789999961853
-0.008917800150811672
0.0832860991358757
0.13090799748897552
-0.01360660046339035
-0.3527570068836212
0.1320119947195053
0.4571180045604706
-0.022110499441623688
-0.010028299875557423
0.12529100477695465
-0.007994599640369415
-0.02962060086429119
0.034609001129865646
0.04020940139889717
0.11058499664068222
0.4392150044441223
-0.017283199355006218
0.004490029998123646
0.00650259992107749
-0.25028398633003235
0.015806300565600395
-0.02682889997959137
-0.012339199893176556
0.1848980039358139
-0.39531099796295166
0.13541899621486664
0.09601359814405441
-0.34999799728393555
0.04826679825782776
0.19521500170230865
0.22007299959659576
0.0027412299532443285
0.008031269535422325
0.04519810155034065
-0.008442330174148083
-0.6275039911270142
-0.21794700622558594
0.037511300295591354
-0.02563920058310032
0.14820100367069244
0.2527279853820801
0.16345900297164917
-0.00989476963877678
-0.051372598856687546
-0.17268399894237518
-0.07488329708576202
-0.2703149914741516
0.29530099034309387
0.27437499165534973
-0.04547080025076866
-0.21600399911403656
-0.04276220127940178
0.007215830031782389
-0.017748700454831123
0.04413539916276932
-0.006955619901418686
0.034176599234342575
0.39559799432754517
-0.03285140171647072
-0.032851800322532654
-0.47256800532341003
0.002330909948796034
0.11633700132369995
-0.01802710071206093
0.1487790048122406
0.3391680121421814
-0.4246320128440857
0.37217000126838684
0.24288199841976166
-0.06331980228424072
0.039482999593019485
0.4808099865913391
0.34485000371932983
-0.03197979927062988
-0.014165099710226059
-0.043744899332523346
-0.046870600432157516
-0.5613999962806702
-0.19950799643993378
-0.04064840078353882
-0.043045200407505035
0.5299280285835266
0.039578698575496674
0.22942900657653809
0.026136700063943863
-0.14440999925136566
0.01994279958307743
-0.1969269961118698
0.48894399404525757
-0.12466000020503998
-0.07940790057182312
-0.0398206003010273
0.15279999375343323
-0.183228000998497
0.02068679966032505
0.022008700296282768
-0.03925269842147827
-0.045835498720407486
-0.3871450126171112
-0.4621640145778656
-0.041431501507759094
0.014666199684143066
0.11448100209236145
0.15516899526119232
0.1724970042705536
0.03657810017466545
0.16582299768924713
0.07500249892473221
-0.08562780171632767
-0.2117920070886612
0.2208389937877655
0.19694599509239197
-0.0035394199658185244
-0.08477489650249481
0.1606229990720749
0.04938979819417
-0.025554299354553223
0.0341515988111496
0.03478189930319786
0.05901160091161728
0.3633750081062317
-0.02347950078547001
0.04085579887032509
-0.003823820035904646
0.0267316997051239
0.3347240090370178
0.03942739963531494
0.08779379725456238
0.34402701258659363
-0.5173500180244446
0.43433600664138794
0.3542490005493164
0.1160150021314621
0.019003400579094887
0.5061659812927246
0.2935119867324829
-0.00010937800107058138
0.004818109795451164
0.03438299894332886
0.01999790035188198
-0.24484099447727203
0.06955090165138245
0.00414310023188591
0.024543099105358124
0.3153580129146576
0.03328479826450348
0.30890199542045593
0.014028400182723999
0.22680500149726868
0.07500450313091278
-0.15652300417423248
-0.23592199385166168
0.33396899700164795
0.16077400743961334
0.005718320142477751
0.1001640036702156
0.1864130049943924
0.044308699667453766
-0.03844510018825531
0.02594359964132309
-0.01893790066242218
0.09971330314874649
0.07471910119056702
0.040044501423835754
0.035736601799726486
0.11657200008630753
0.04430060088634491
0.2534539997577667
0.040165599435567856
0.24070300161838531
-0.006458130199462175
-0.12250799685716629
0.0014272599946707487
0.11677400022745132
0.2814370095729828
0.04187989979982376
0.05516190081834793
0.08169560134410858
-0.03975050151348114
-0.0030711700674146414
0.03597119823098183
-0.02551879920065403
0.14660699665546417
0.4030250012874603
-0.007735759951174259
0.028473300859332085
0.10859999805688858
0.009553950279951096
0.2527559995651245
-0.025741899386048317
0.24973200261592865
0.28005900979042053
-0.2373809963464737
0.14816300570964813
0.3666920065879822
0.05354199931025505
0.015869300812482834
0.3068000078201294
0.19627900421619415
-0.0011972900247201324
0.03872980177402496
0.0061361598782241344
0.011828199960291386
0.093293696641922
-0.31627601385116577
-0.0038276799023151398
-0.048310499638319016
0.27589601278305054
-0.051330700516700745
-0.1423870027065277
0.03142160177230835
-0.32877299189567566
0.04890190064907074
0.039947301149368286
0.021745700389146805
-0.021194100379943848
-0.4625000059604645
-0.0016877499874681234
0.018382100388407707
0.2791529893875122
0.22505399584770203
0.21292799711227417
0.22334900498390198
0.04458329826593399
0.005879859905689955
-0.049659401178359985
-0.065699003636837
-0.014543999917805195
-0.12815499305725098
0.0278399009257555
-0.07954680174589157
0.17971499264240265
-0.19369499385356903
0.04432449862360954
-0.0016802699537947774
-0.13273100554943085
-0.025924699380993843
0.2920979857444763
0.003903029952198267
-0.028661400079727173
-0.13223500549793243
-0.00898278970271349
-0.05324940010905266
-0.18042899668216705
-0.10926300287246704
0.04342389851808548
-0.6770889759063721
-0.15566399693489075
0.0288286991417408
-0.30657199025154114
0.02576570026576519
-0.31088200211524963
-0.1420219987630844
-0.389055997133255
0.0017368400003761053
0.0139079000800848
0.020628100261092186
-0.017393700778484344
-0.11531300097703934
-0.011533799581229687
0.02313699945807457
0.1767680048942566
0.4670349955558777
0.17116700112819672
-0.1119299978017807
0.44813698530197144
-0.06465370208024979
0.11908400058746338
-0.10811199992895126
-0.13766199350357056
-0.019293799996376038
-0.026113899424672127
-0.25493401288986206
0.509535014629364
-0.14775599539279938
0.030135100707411766
0.013856999576091766
-0.3542320132255554
-0.02859470061957836
0.15671099722385406
-0.014379399828612804
0.0326819010078907
0.08456099778413773
0.364205002784729
-0.10667700320482254
-0.2394070029258728
0.1865839958190918
-0.2063390016555786
-0.2296379953622818
-0.22623799741268158
0.06123470142483711
-0.2870829999446869
-0.017358100041747093
-0.33765101432800293
0.15504799783229828
-0.18085500597953796
0.0020696099381893873
-0.000981551012955606
-0.14713799953460693
-0.003322300035506487
-0.08593939989805222
-0.033801399171352386
-0.012040800414979458
-0.25134000182151794
0.14375799894332886
-0.030767099931836128
0.08273640275001526
0.29619300365448
-0.061698298901319504
-0.093845896422863
-0.04403030127286911
-0.013536600396037102
-0.1452150046825409
-0.03268970176577568
-0.2781749963760376
0.1316930055618286
-0.5266119837760925
0.04952630028128624
-0.022565700113773346
0.14110200107097626
-0.03293609991669655
0.16784100234508514
-0.006943529937416315
0.02894660085439682
-1.1658200025558472
0.05631919950246811
0.16801999509334564
-0.41497498750686646
-0.5557600259780884
0.010549100115895271
-0.08790790289640427
-0.021333200857043266
0.0042924098670482635
0.06789380311965942
0.0063140601851046085
-0.10416299849748611
-0.130280002951622
-0.04092629998922348
-0.048165298998355865
0.01681620068848133
-0.2396869957447052
0.010367799550294876
-0.14976699650287628
0.008591209538280964
0.0429018996655941
0.4899879992008209
0.2910969853401184
0.41180500388145447
0.2043199986219406
0.5589950084686279
-0.37655898928642273
-0.027973899617791176
-0.37277698516845703
-0.3379589915275574
-0.13792799413204193
0.03571860119700432
-0.237978994846344
0.2061389982700348
-0.39284300804138184
-0.004413779824972153
-0.03548499941825867
0.12723299860954285
-0.021196600049734116
0.1623860001564026
0.00283774989657104
-0.024322299286723137
0.25090599060058594
-0.5658119916915894
0.0568838007748127
-0.655896008014679
-0.029358400031924248
0.0205547995865345
-0.03687720000743866
-0.006691710092127323
-0.0024054900277405977
0.006031480152159929
0.010724199935793877
-0.12077099829912186
0.26346299052238464
-0.17053499817848206
-0.03452390059828758
-0.005859639961272478
-0.19652000069618225
0.018271800130605698
-0.08776380121707916
0.02186420001089573
-0.01496069971472025
-0.14195500314235687
-0.14525899291038513
-0.610319972038269
0.34198999404907227
0.9177470207214355
-0.22174499928951263
-0.0289498008787632
-0.26111099123954773
-0.031797200441360474
-0.2682949900627136
-0.03470639884471893
0
1
