3
9
5
20
20
20
20
20
ReLU
ReLU
ReLU
ReLU
ReLU
Affine
1.2580900192260742
0.06897609680891037
-0.2727009952068329
-0.11984500288963318
0.15196500718593597
-0.20892299711704254
-0.20451100170612335
0.08712220191955566
-0.10727400332689285
0.4183430075645447
-0.22856199741363525
-0.05500280112028122
-1.4223400354385376
-0.1268790066242218
-0.22043000161647797
0.0054904501885175705
0.8102229833602905
-0.32652100920677185
-0.09836730360984802
0.05942010134458542
-0.7288979887962341
0.07320539653301239
-0.25348100066185
-0.04989499971270561
-0.8502249717712402
0.1222279965877533
-0.3464590013027191
-0.04799269884824753
1.4097599983215332
-0.0002792850136756897
-0.3042429983615875
-0.159853994846344
-1.1601699590682983
-0.1314990073442459
-0.14655600488185883
0.044831499457359314
-0.9136080145835876
0.017875300720334053
-0.18549999594688416
0.02037630043923855
-0.018443100154399872
0.0011846099514514208
-0.003888069884851575
-0.012902799993753433
2.1445999145507812
0.1383579969406128
-0.16456900537014008
-0.024507800117135048
0.9731400012969971
0.7174519896507263
0.03012789972126484
-0.16837599873542786
1.5519499778747559
0.1758359968662262
-0.2532919943332672
0.01243279967457056
-0.45231500267982483
0.13135899603366852
-0.3602359890937805
0.05352960154414177
0.5961840152740479
-0.26690399646759033
-0.1448729932308197
0.07106059789657593
-1.0578399896621704
-0.20345599949359894
-0.17937900125980377
-0.0052856397815048695
1.2055000066757202
-0.07833299785852432
-0.17505699396133423
-0.04228860139846802
0.09352889657020569
-0.31748199462890625
-0.11399900168180466
0.12418799847364426
0.8096849918365479
0.0898033007979393
-0.18839199841022491
0.03406890109181404
-0.061216801404953
0.0173444002866745
0.20895400643348694
0.13932399451732635
-0.0026532099582254887
0.18183499574661255
0.2048870027065277
0.38411998748779297
0.12516899406909943
0.13853499293327332
0.026712700724601746
-0.26641398668289185
0.3526659905910492
-0.14956699311733246
0.10507199913263321
-0.026595700532197952
0.14136700332164764
-0.02380800060927868
0.015091599896550179
0.020844800397753716
0.0055873701348900795
0.26245298981666565
0.10312899947166443
0.14137700200080872
0.18261000514030457
0.12266799807548523
-0.03797779977321625
-0.1007319986820221
-0.2404640018939972
0.1811250001192093
0.06506969779729843
0.020512299612164497
0.22968199849128723
0.2457360029220581
0.16955800354480743
0.028808999806642532
0.11749400198459625
0.14157700538635254
-0.02821989916265011
0.13573500514030457
0.0525004006922245
0.01804340071976185
0.3273549973964691
0.14183099567890167
0.16298699378967285
0.10758599638938904
0.03004469908773899
-0.0180526003241539
-0.10510999709367752
-0.11682000011205673
0.1569730043411255
0.1006769984960556
-0.02734149992465973
0.3026619851589203
0.32035601139068604
0.19015799462795258
-0.07084649801254272
0.0783815011382103
0.10773400217294693
0.020239699631929398
0.17189699411392212
0.07094469666481018
0.022427700459957123
-0.010114899836480618
-0.05676110088825226
-0.05180089920759201
0.041220199316740036
0.04437899962067604
0.0005897880182601511
0.01384770032018423
0.03756190091371536
-0.029510699212551117
-0.03357600048184395
-0.04955179989337921
-0.04990009963512421
0.035873301327228546
0.0020183599554002285
0.009809370152652264
0.024778099730610847
0.009394129738211632
-0.01454050000756979
-0.03765159845352173
-0.024683399125933647
-0.009636430069804192
0.322050005197525
-0.07507070153951645
0.23120400309562683
0.3001370131969452
-0.12592999637126923
-0.08199779689311981
-0.09577570110559464
-0.2231229990720749
0.3366810083389282
0.18061399459838867
0.035553500056266785
0.4513140022754669
0.49038299918174744
0.13194100558757782
-0.07342419773340225
-0.14089199900627136
0.1543010026216507
-0.2664499878883362
-0.016638800501823425
-0.04740630090236664
0.012428199872374535
-0.490123987197876
-0.35516199469566345
-0.0026711300015449524
-0.12229900062084198
0.13266800343990326
-0.040734101086854935
-0.11579500138759613
-1.1632499694824219
0.13308699429035187
-0.04917779937386513
0.005908079911023378
0.06207859888672829
0.27845901250839233
-0.10786200314760208
-0.0701839029788971
-0.10639599710702896
-0.005775319878011942
-0.09466499835252762
-0.2348559945821762
-0.14951899647712708
0.10661700367927551
0.6117780208587646
-0.07883849740028381
-0.08878879994153976
-0.26208600401878357
0.13619199395179749
-0.28940799832344055
-0.2828670144081116
1.063439965248108
-0.23872500658035278
-0.2531369924545288
-0.04641680046916008
0.2869029939174652
0.10886699706315994
0.24900400638580322
-0.2668139934539795
0.16446800529956818
-0.06402680277824402
0.21001699566841125
0.0935949981212616
-0.0028994199819862843
0.12530699372291565
0.389039009809494
0.10347399860620499
0.21979400515556335
0.027220800518989563
0.0030100399162620306
0.05244230106472969
-0.07736770063638687
0.2018910050392151
0.05934330075979233
0.06123669818043709
0.029963599517941475
0.3959380090236664
0.20072199404239655
0.3321689963340759
-0.032036200165748596
0.07849620282649994
0.024798300117254257
0.05998560041189194
0.08146979659795761
0.23662999272346497
0.023572400212287903
0.3547089993953705
0.006070279981940985
0.17998899519443512
0.378710001707077
-0.0623181015253067
-0.07697279751300812
-0.12944599986076355
-0.26862001419067383
0.34730198979377747
0.12431299686431885
-0.026144299656152725
0.3684200048446655
0.5123550295829773
0.0768577978014946
-0.1129549965262413
-0.061695098876953125
0.2197979986667633
-0.28873100876808167
0.09266000241041183
-0.12114399671554565
-0.0012406599707901478
0.18318399786949158
0.05287250131368637
0.11894699931144714
-0.13454799354076385
0.32144901156425476
-0.25503799319267273
-0.2550080120563507
0.36237800121307373
-0.1200919970870018
-0.17884400486946106
-0.012879700399935246
0.3573330044746399
-0.5877140164375305
0.280676007270813
-0.2439119964838028
0.25593701004981995
0.008134519681334496
0.290120005607605
0.22337399423122406
-0.004046939779073
-0.04553829878568649
0.2734290063381195
0.062082499265670776
0.13880600035190582
0.20250099897384644
0.0703594982624054
-0.03946220129728317
-0.04935700073838234
-0.24478499591350555
0.23883099853992462
0.09316539764404297
-0.02959430031478405
0.24872499704360962
0.2851470112800598
0.1560799926519394
-0.018098199740052223
0.027025699615478516
0.1104080006480217
-0.08173739910125732
0.13006600737571716
0.06809770315885544
0.011059899814426899
0.19975799322128296
-0.012100200168788433
0.2337220013141632
0.361625999212265
-0.10532999783754349
-0.05179550126194954
0.02207460068166256
-0.37585198879241943
0.2753849923610687
0.21583999693393707
0.02909170091152191
0.37143000960350037
0.3948419988155365
0.12665000557899475
-0.0026986999437212944
-0.1483359932899475
0.18810400366783142
-0.3852880001068115
0.010119499638676643
-0.05609710142016411
0.03144190087914467
0.5428370237350464
-0.08337149769067764
0.6092380285263062
0.24080400168895721
-0.28738200664520264
0.03184119984507561
-0.07368519902229309
-0.1427299976348877
0.19749000668525696
0.14074499905109406
-0.02236820012331009
0.5647879838943481
0.28462499380111694
0.3837679922580719
-0.05544529855251312
-0.24145199358463287
-0.031712498515844345
-0.2894909977912903
-0.07293500006198883
0.004943749867379665
0.00686969980597496
0.36316201090812683
0.09870550036430359
0.10070200264453888
0.1544090062379837
0.031734198331832886
-0.09903360158205032
-0.13332000374794006
0.040102001279592514
0.13592299818992615
0.08718980103731155
0.006566349882632494
0.2784700095653534
0.3419019877910614
0.20713500678539276
-0.010350000113248825
0.10836700350046158
0.12043599784374237
0.05470719933509827
0.1967729926109314
0.15309399366378784
0.019238799810409546
0.3336470127105713
0.15528899431228638
0.20168499648571014
0.05571860074996948
0.004082620143890381
0.013443299569189548
-0.0640420988202095
-0.002636719960719347
0.12629400193691254
0.038354601711034775
-0.013075600378215313
0.32502299547195435
0.16947199404239655
0.2735320031642914
0.05635669827461243
0.016416000202298164
-0.0036893601063638926
-0.0045435200445353985
0.09865640103816986
0.1429080069065094
0.02687790058553219
0.22899800539016724
0.16724799573421478
0.023766500875353813
0.2576040029525757
0.115386001765728
0.018184799700975418
-0.1098880022764206
-0.22737400233745575
0.14980599284172058
0.12990400195121765
0.008837389759719372
0.25179898738861084
0.29999399185180664
0.12221299856901169
-0.05749240145087242
0.08288729935884476
0.17257800698280334
-0.02348490059375763
0.21660800278186798
0.1083580031991005
0.016104400157928467
0.3508780002593994
0.0487729012966156
0.2072030007839203
0.22512100636959076
-0.015243100002408028
-0.06357579678297043
-0.07444220036268234
-0.29487401247024536
0.1784529983997345
0.16871699690818787
0.009237459860742092
0.30518999695777893
0.3885450065135956
0.1743050068616867
-0.06962589919567108
-0.0019509999547153711
0.17788100242614746
-0.16967199742794037
0.09900649636983871
0.040786098688840866
0.008901160210371017
0.27057600021362305
0.1073789969086647
0.09706819802522659
0.19780899584293365
0.07244130223989487
-0.04544980078935623
-0.12154699862003326
-0.037826698273420334
0.15094000101089478
0.05090010166168213
-0.033542100340127945
0.22627399861812592
0.32848501205444336
0.11859600245952606
-0.08825530111789703
0.10521499812602997
0.16981899738311768
0.01400069985538721
0.176255002617836
0.10944099724292755
0.013694199733436108
-0.37376001477241516
-0.15272900462150574
0.17588399350643158
0.3776319921016693
-0.33111900091171265
0.26528799533843994
0.2884419858455658
-0.10903900116682053
0.30299198627471924
0.2669050097465515
-0.006536359898746014
-0.4017930030822754
0.22150999307632446
-0.34943699836730957
0.1673000007867813
-0.26433101296424866
0.17114199697971344
-0.3198530077934265
-0.21628600358963013
-0.14149199426174164
0.06075210124254227
0.39627501368522644
0.16158799827098846
0.15158399939537048
0.08127690106630325
0.09838999807834625
-0.015747100114822388
-0.03987560048699379
0.2285110056400299
0.010547099635004997
0.007433469872921705
0.005585419945418835
0.3454200029373169
0.25664499402046204
0.31688401103019714
-0.012494600377976894
0.09820710122585297
-0.008822590112686157
0.1501370072364807
0.14880900084972382
0.239314004778862
0.033481400460004807
-0.06023029983043671
0.0503091998398304
0.06604459881782532
-0.011158499866724014
0.25024500489234924
-1.1674200296401978
-0.9717270135879517
0.06277219951152802
0.1716500073671341
-1.8694100379943848
0.15807600319385529
0.19830000400543213
0.022476499900221825
0.14217500388622284
0.07186990231275558
0.11363500356674194
0.14944200217723846
0.08361189812421799
-0.02099590003490448
0.12559600174427032
0.07637280225753784
0.024937499314546585
-0.0797773003578186
-0.018546100705862045
0.012420999817550182
-0.01646910049021244
0.23972000181674957
1.1191400289535522
0.07851140201091766
-0.08695439994335175
1.5854500532150269
0.004757530055940151
-0.04529640078544617
0.21219900250434875
-0.05354069918394089
-0.02795949950814247
-0.10227800160646439
-0.02259170077741146
-0.040397901087999344
0.7591480016708374
0.04541489854454994
0.0886629968881607
0.19258500635623932
-0.036535199731588364
-0.06883890181779861
0.04742849990725517
-0.04548360034823418
0.6406959891319275
0.903357982635498
-0.0412679985165596
-0.036740098148584366
1.09798002243042
-0.006527500227093697
-0.0056455098092556
0.034763600677251816
-0.059305399656295776
-0.0243407990783453
-0.04990969970822334
-0.04607290029525757
-0.10793600231409073
1.120650053024292
-0.00920356996357441
0.12817800045013428
-0.48901399970054626
-0.06279990077018738
0.003118739929050207
-0.0452909991145134
-0.10740900039672852
-0.44060900807380676
0.850193977355957
0.0650779977440834
-0.09581620246171951
-0.2340169996023178
-0.06530340015888214
-0.17374099791049957
-0.04599599912762642
0.04436580091714859
0.008422230370342731
-0.043487899005413055
-0.06238409876823425
0.008598189800977707
-0.8122180104255676
0.053511399775743484
0.21033799648284912
-0.2494090050458908
0.13706600666046143
0.16249999403953552
-0.010898199863731861
0.22480100393295288
-1.4417099952697754
-0.5332689881324768
0.1723960041999817
0.25502198934555054
-1.2093499898910522
0.07268310338258743
0.21960699558258057
0.2542969882488251
0.14083099365234375
0.06621100008487701
0.14076000452041626
0.13012899458408356
0.13866999745368958
-0.6431339979171753
0.1320289969444275
0.07493030279874802
-0.26344799995422363
0.18523700535297394
0.1609099954366684
0.005415730178356171
0.3219450116157532
-0.6515719890594482
-0.6193100214004517
0.12817099690437317
0.29060301184654236
-0.4292609989643097
0.19565199315547943
0.1784839928150177
0.39001399278640747
0.17392399907112122
0.12205900251865387
0.18559500575065613
0.21412299573421478
0.17193999886512756
-1.1738899946212769
0.14284099638462067
0.02179040014743805
-0.56107497215271
0.0011607799679040909
0.020886199548840523
0.026569299399852753
-0.15629999339580536
-0.4691520035266876
0.912090003490448
0.06537160277366638
-0.05635010078549385
-0.13078400492668152
0.0047691501677036285
-0.21974000334739685
-0.0765514001250267
0.02920380048453808
0.005949039943516254
-0.01475130021572113
-0.04752279818058014
-0.013721800409257412
-0.8359400033950806
0.12980100512504578
0.21198900043964386
-0.22126099467277527
0.07335460186004639
0.04420579969882965
0.022737400606274605
0.0517348013818264
-1.1637200117111206
-1.2517999410629272
0.12475600093603134
-0.0027565499767661095
-0.7784730195999146
0.08690690249204636
0.07068800181150436
0.18657000362873077
0.07684530317783356
0.1856430023908615
0.09058310091495514
0.08300419896841049
0.020608099177479744
-1.5084500312805176
0.1527480036020279
0.02806369960308075
0.03577680140733719
-0.021224699914455414
-0.040928199887275696
-0.03219529986381531
0.049333199858665466
-0.041681498289108276
-0.0293722003698349
0.025268200784921646
-0.03099380061030388
-0.03528369963169098
-0.014524499885737896
-0.042465001344680786
0.04499040171504021
-0.0260940995067358
-0.04822010174393654
-0.03768960013985634
0.030741700902581215
0.03401549905538559
-0.024534299969673157
-0.025487499311566353
-0.0006999920005910099
0.10671400278806686
-0.07624559849500656
0.005001590121537447
0.044701699167490005
0.004545790143311024
0.5633559823036194
1.0579899549484253
-0.018931899219751358
-0.08337459713220596
1.4482200145721436
-0.04229480028152466
-0.011782100424170494
0.17941200733184814
0.003965939860790968
0.046781498938798904
-0.11069399863481522
-0.041454099118709564
-0.07441890239715576
0.8401830196380615
-0.025471199303865433
0.07526390254497528
-0.05828540027141571
0.13554100692272186
0.13887499272823334
-0.03852450102567673
-0.03737509995698929
-0.9423949718475342
-1.5053499937057495
0.04671899974346161
0.0275007002055645
0.19527900218963623
0.10751000046730042
0.014677099883556366
-0.07061880081892014
0.10849600285291672
0.05713450163602829
0.12875300645828247
0.06992760300636292
0.13763800263404846
-1.720770001411438
0.08427129685878754
0.05497720092535019
-0.21696700155735016
0.0265331007540226
0.05357079952955246
0.0012485700426623225
0.04193950071930885
-0.11034800112247467
-1.2919100522994995
0.14729300141334534
-0.058410800993442535
-1.8666599988937378
0.008813080377876759
0.11715199798345566
0.12755100429058075
0.015134099870920181
0.0737491026520729
-0.012043300084769726
0.04975689947605133
0.04071680083870888
-1.1276099681854248
0.08536569774150848
0.04764610156416893
-0.08707480132579803
0.11193300038576126
0.1560470014810562
-0.02344140037894249
0.3289859890937805
-0.7785680294036865
-0.7773900032043457
0.1616930067539215
0.2884080111980438
-1.654170036315918
0.17832499742507935
0.21460899710655212
0.18335600197315216
0.15281400084495544
0.12740999460220337
0.08863990008831024
0.17720499634742737
0.13738299906253815
0.002017440041527152
0.16447800397872925
0.09684170037508011
-0.03611360117793083
0.04539649933576584
-0.03143950179219246
0.013185299932956696
-0.037967100739479065
0.01314419973641634
-0.028494900092482567
0.024382399395108223
-0.020047500729560852
-0.022755399346351624
0.04331760108470917
-0.0007639569812454283
-0.04291500151157379
-0.02042829990386963
-0.013253499753773212
0.014553200453519821
-0.012699199840426445
-0.024244399741292
-0.032398298382759094
-0.027079999446868896
-0.000694360991474241
-0.30103999376296997
0.09751260280609131
0.12207400053739548
-0.009835150092840195
0.2874639928340912
-1.6959799528121948
-0.6186689734458923
0.16429199278354645
0.20470799505710602
-1.6708400249481201
0.0727182999253273
0.16261999309062958
0.2930690050125122
0.13601499795913696
0.14538699388504028
0.08127719908952713
0.15713700652122498
0.13316300511360168
-0.351514995098114
0.1470009982585907
0.05272410064935684
-0.2277970016002655
0.056554701179265976
0.13962100446224213
-0.00784055981785059
0.23862199485301971
-1.693179965019226
-0.7579280138015747
0.11760599911212921
0.24161800742149353
-1.659809947013855
0.05823329836130142
0.2581480145454407
0.2950330078601837
0.16134600341320038
0.11714400351047516
0.04416140168905258
0.17455799877643585
0.11888899654150009
-0.3491019904613495
0.11706800013780594
0.057532601058483124
-0.18850299715995789
0.1202239990234375
0.0822295993566513
0.005318600218743086
-0.08805540204048157
-0.7369260191917419
-1.4575400352478027
0.09920050203800201
-0.011031899601221085
-0.5846260190010071
0.07523909956216812
0.020829200744628906
-0.011068399995565414
0.11218699812889099
0.1260489970445633
0.11872900277376175
0.017221100628376007
0.04611330106854439
-1.7184200286865234
0.1317729949951172
0.03621799871325493
0.05623859912157059
-0.026272499933838844
-0.042541101574897766
-0.040748901665210724
-0.08561179786920547
0.39232200384140015
1.1992000341415405
0.06862550228834152
-0.03179449960589409
1.551300048828125
-0.061521101742982864
-0.057045601308345795
0.14525899291038513
-0.023333899676799774
0.022440200671553612
-0.09561239928007126
-0.06554959714412689
0.006852190010249615
0.7612500190734863
0.047974199056625366
0.060399699956178665
0.139041006565094
-0.020888999104499817
-0.0007615929935127497
-0.00832120981067419
0.001891730003990233
0.5460609793663025
0.999055027961731
0.04122700169682503
-0.09100759774446487
1.377619981765747
-0.04107829928398132
-0.07618480175733566
0.03368780016899109
-0.026120200753211975
0.0014206200139597058
-0.04656440019607544
0.0010456900345161557
-0.09959100186824799
0.9851239919662476
0.014779900200664997
0.07230920344591141
-0.03516760095953941
-0.03497200086712837
-0.0026020000223070383
0.04033270105719566
-0.046035099774599075
-0.033728599548339844
0.03310929983854294
-0.034492798149585724
0.023201100528240204
-0.043118201196193695
-0.023714900016784668
0.03248549997806549
0.0005436430219560862
1.1767099749704357e-05
-0.02786489948630333
-0.022274600341916084
-0.05533279851078987
-0.04794370010495186
-0.004072859883308411
-0.02455339953303337
-0.0037573000881820917
0.003567199921235442
-0.015078400261700153
0.017708400264382362
-0.04449089989066124
0.03155909851193428
-0.022133400663733482
0.0021320299711078405
-0.018310800194740295
0.019406700506806374
-0.02003530040383339
-0.009129160083830357
0.02147519960999489
-0.031507499516010284
0.034546200186014175
0.010045199654996395
-0.0011653599794954062
-0.0031157799530774355
-0.038464900106191635
-0.03564560040831566
0.029858700931072235
-0.0010300800204277039
0.28161299228668213
-0.2473430037498474
-0.0840378999710083
0.24447299540042877
0.17006300389766693
0.025284500792622566
0.24297499656677246
-0.02606300078332424
0.03330380097031593
-0.2978299856185913
-0.07394859939813614
0.10080800205469131
0.2590720057487488
0.011336199939250946
0.21149300038814545
0.19069699943065643
-0.0865745022892952
-0.26543399691581726
-0.17435699701309204
-0.008119449950754642
0.0711200013756752
0.2081959992647171
-0.06515280157327652
-0.2499610036611557
-0.39409101009368896
0.23110400140285492
0.13951300084590912
-0.3493660092353821
0.2730410099029541
-0.03038810007274151
-0.2261970043182373
0.27542099356651306
0.4570220112800598
0.23825399577617645
0.013372800312936306
0.1994740068912506
0.23971499502658844
0.2922149896621704
-0.21420399844646454
-0.2074819952249527
-0.0034105998929589987
-0.03739489987492561
0.061590299010276794
-0.3669449985027313
-0.5413730144500732
0.7096279859542847
0.12139400094747543
0.10198800265789032
0.7062299847602844
0.20244300365447998
-0.01915689930319786
-0.4839150011539459
0.14942200481891632
0.25231799483299255
0.02151549980044365
0.03161260113120079
0.1110600009560585
0.1157120019197464
0.11184699833393097
-0.44300198554992676
-0.5015010237693787
-0.0032105299178510904
-0.02075120061635971
-0.002444430021569133
-0.03502529859542847
0.02314399927854538
0.020208999514579773
0.027769900858402252
-0.00849762000143528
-0.050978999584913254
-0.014406800270080566
-0.019115200266242027
-0.03518880158662796
-0.00919174961745739
0.021290099248290062
-0.010424699634313583
0.03399670124053955
-0.013377400115132332
0.0018382599810138345
-0.04691750183701515
-0.03746829926967621
0.01284400001168251
0.03806440159678459
-0.012277999892830849
0.04229449853301048
0.028849000111222267
0.02285880036652088
0.027338499203324318
-0.01614289917051792
-0.000776341010350734
-0.03807559981942177
0.010943800210952759
0.015845200046896935
-0.03883640095591545
-0.05460600182414055
-0.021218299865722656
-0.030706100165843964
-0.009584070183336735
0.004530599806457758
0.01723640039563179
-0.017164699733257294
-0.009068399667739868
-0.02937830053269863
0.0037648300640285015
-0.002807490061968565
0.14389899373054504
-0.4052169919013977
-0.46328601241111755
0.7924649715423584
0.14998699724674225
0.08734150230884552
0.8230149745941162
-0.09621579945087433
-0.030576400458812714
-0.4798409938812256
-0.10549800097942352
-0.11710400134325027
0.20982399582862854
-0.011737599968910217
0.1252710074186325
0.11263000220060349
-0.12288200110197067
-0.47062501311302185
-0.4911699891090393
0.0199877992272377
0.09817779809236526
0.025375399738550186
0.021251799538731575
0.004771289881318808
0.03180000185966492
-0.03401989862322807
-0.03606779873371124
-0.00998695008456707
-0.01082799956202507
0.0016344100004062057
-0.014921500347554684
-0.020996099337935448
0.0227889996021986
0.0015113999834284186
-0.006306469906121492
-0.038343798369169235
-0.031394198536872864
0.03273110091686249
-1.964779949048534e-05
-0.054643500596284866
-0.03710649907588959
-0.006964980158954859
0.2825869917869568
-0.5147839784622192
-0.6263830065727234
0.3169980049133301
0.22130900621414185
0.17556899785995483
0.2300889939069748
0.3065440058708191
0.00012125899957027286
-0.6234959959983826
0.16616499423980713
0.5160639882087708
0.2786090075969696
-0.014822700060904026
0.1476369947195053
0.21469099819660187
0.22452999651432037
-0.5635049939155579
-0.6730070114135742
-0.04452129825949669
0.11882200092077255
0.1952109932899475
-0.5598689913749695
-0.6374449729919434
0.1946289986371994
0.20988699793815613
0.19102199375629425
0.18053600192070007
0.2781490087509155
0.005379760172218084
-0.6713879704475403
0.3598969876766205
0.4584450125694275
0.1779250055551529
-0.0451165996491909
0.12950900197029114
0.20923000574111938
0.3541409969329834
-0.6133019924163818
-0.6490179896354675
0.011293400079011917
0.12870599329471588
0.13479499518871307
0.1466580033302307
0.1686369925737381
-0.2685149908065796
0.20774200558662415
0.2253189980983734
-0.3832089900970459
0.3147970139980316
0.021183999255299568
0.16062399744987488
0.22739200294017792
0.22956299781799316
0.22931000590324402
0.048767101019620895
0.28280699253082275
0.26839199662208557
0.5196300148963928
0.07026460021734238
0.11138299852609634
0.018913600593805313
-0.0020333100110292435
-0.08773099631071091
-0.0060009402222931385
-0.43421998620033264
0.5432050228118896
0.13225099444389343
0.36454200744628906
0.6549519896507263
0.46257999539375305
-0.03793619945645332
-0.13899099826812744
0.40678200125694275
0.36617299914360046
-0.04791349917650223
0.018999800086021423
0.025323400273919106
-0.0021036500111222267
0.4850960075855255
-0.0004978780052624643
-0.20958200097084045
-0.01081630028784275
-0.08410509675741196
-0.035720400512218475
0.008806119672954082
-0.049646198749542236
0.04445119947195053
-0.016001099720597267
-0.004271259997040033
-0.02633339911699295
0.011303000152111053
-0.04993779957294464
-0.009619570337235928
0.004848279990255833
0.040737301111221313
0.020081300288438797
-0.01649410091340542
0.006787419784814119
-0.017557499930262566
-0.020504599437117577
-0.014491500332951546
0.0018512799870222807
0.03688820078969002
-0.0006945380009710789
0.023649100214242935
-0.08065009862184525
-0.42283201217651367
0.5660420060157776
0.18094299733638763
0.23836100101470947
0.5474879741668701
0.6831719875335693
0.046086300164461136
-0.18087099492549896
0.43177899718284607
0.5968040227890015
0.06759919971227646
-0.034460898488759995
0.12474700063467026
0.11790300160646439
0.4942399859428406
-0.12394999712705612
-0.250885009765625
-0.019761500880122185
-0.09992360323667526
-0.2553290128707886
-0.0069075701758265495
0.045107901096343994
-0.13325899839401245
-0.21425600349903107
0.13650700449943542
-0.10373400151729584
0.33493199944496155
-0.0372655987739563
-0.008644689805805683
1.3579100370407104
-0.8278120160102844
-0.11817000061273575
0.029018599539995193
-0.42868098616600037
-0.3483780026435852
1.2288600206375122
-0.03427030146121979
0.018678300082683563
-0.020726999267935753
0.19422900676727295
0.2546350061893463
-0.3451539874076843
-0.510004997253418
0.4642300009727478
0.1561570018529892
0.206496000289917
0.5263919830322266
0.22413299977779388
0.03439189866185188
-0.4582290053367615
0.16923800110816956
0.45720601081848145
0.1679150015115738
0.046831101179122925
0.22212600708007812
0.19371500611305237
0.12938599288463593
-0.38416099548339844
-0.4712449908256531
0.02106270007789135
-0.014701999723911285
0.11624100059270859
0.03002839908003807
0.09134609997272491
-0.09807159751653671
0.03195879980921745
-0.4102869927883148
-0.12411800026893616
-0.1304679960012436
0.02983349934220314
0.07016400247812271
0.5380759835243225
-0.025059299543499947
0.09339600056409836
0.009581250138580799
-0.016453800722956657
-0.06295820325613022
-0.09539949893951416
0.09073720127344131
0.14713799953460693
0.048024099320173264
-0.0686262995004654
-0.021327100694179535
-0.13183000683784485
-0.4865550100803375
0.4648819863796234
0.06806869804859161
0.18721699714660645
0.507652997970581
0.41761499643325806
0.031047500669956207
-0.29149600863456726
0.2873170077800751
0.13563600182533264
0.016347799450159073
-0.04540019854903221
0.0687628984451294
0.024641800671815872
0.21871499717235565
-0.12666399776935577
-0.29183799028396606
-0.02489529922604561
-0.08343599736690521
0.006014369893819094
-0.022325800731778145
-0.021086299791932106
-0.008437739685177803
-0.011354800313711166
-0.03566399961709976
-0.06647250056266785
-0.04610859975218773
0.001587799983099103
-0.02685829997062683
0.03524380177259445
-0.047156400978565216
0.011091699823737144
0.03769639879465103
0.011710099875926971
0.02742060087621212
-0.03446149826049805
-0.02123669907450676
0.02811570093035698
0.041829101741313934
-0.009275210089981556
0.23149800300598145
-0.4985809922218323
-0.6738460063934326
-0.009830069728195667
0.14556099474430084
0.1942169964313507
-0.04726380109786987
0.23667000234127045
-0.011355799622833729
-0.7244870066642761
0.4297870099544525
0.4987429976463318
0.20884600281715393
-0.010169199667870998
0.2049490064382553
0.15706099569797516
0.4073440134525299
-0.6642619967460632
-0.6810200214385986
0.00725936982780695
0.14493399858474731
0.013658200390636921
-0.019953200593590736
0.07112730294466019
-0.47897401452064514
-0.02044050022959709
0.038549698889255524
0.40837499499320984
0.04336699843406677
0.30964401364326477
0.2789669930934906
0.09261409938335419
0.381168007850647
-0.04908920079469681
0.08983980119228363
0.41969600319862366
0.2545289993286133
-0.029795700684189796
-0.2945300042629242
0.008572240360081196
0.23896799981594086
-0.07126030325889587
-0.007304619997739792
-0.11151599884033203
0.02008640021085739
-0.41642698645591736
-0.025543799623847008
9.984490316128358e-05
-0.40499401092529297
-0.007007389795035124
0.08369419723749161
-0.19919699430465698
0.17834800481796265
-0.42310601472854614
0.03229479864239693
0.426613986492157
0.1380150020122528
0.07222519814968109
-0.25448599457740784
-0.8522379994392395
-0.03221080079674721
-0.337662011384964
0.0817612037062645
0.005331519991159439
0.12443099915981293
0.23609699308872223
-0.8189330101013184
0.009579519741237164
-0.0110489996150136
-0.18393200635910034
0.009247950278222561
0.18254199624061584
0.21443699300289154
0.11101099848747253
-0.20498299598693848
0.049966998398303986
-0.11447200179100037
0.0761725977063179
-0.1903340071439743
-0.07832740247249603
-0.2093220055103302
0.005641520023345947
0.4384250044822693
0.06217639893293381
-0.0358273983001709
0.04546729847788811
-0.16692699491977692
0.28713101148605347
-0.03650650009512901
0.04429769888520241
0.569316029548645
-0.0421644002199173
0.2522349953651428
0.16620199382305145
-0.006151560228317976
-0.0542495995759964
0.004564340226352215
0.15982800722122192
-0.9819679856300354
0.3993709981441498
-0.008886690251529217
-0.20418600738048553
-0.005841120146214962
-0.020695000886917114
0.006861790083348751
0.0024663100484758615
-0.06603190302848816
-0.2155420035123825
0.3873459994792938
0.024929799139499664
0.04066520184278488
0.1538960039615631
0.009922750294208527
0.02802559919655323
0.061782099306583405
-0.2444249987602234
0.37846899032592773
0.028170699253678322
0.35078299045562744
-0.035666998475790024
0.09460200369358063
0.14507800340652466
0.2830199897289276
0.012520300224423409
-0.08703289926052094
-0.0065614101476967335
-0.011634700000286102
-0.05089259892702103
0.027145899832248688
-0.05991160124540329
0.002692400012165308
-0.013193599879741669
-0.041616201400756836
0.047955699265003204
0.0005395319894887507
-0.0012489099754020572
-0.06928390264511108
0.004535350017249584
0.04601209983229637
0.014255399815738201
0.001505970023572445
-0.015860699117183685
-0.03902570158243179
0.012292100116610527
-0.031282201409339905
-0.031532298773527145
-0.011389199644327164
0.012056300416588783
0.0616770014166832
0.32137900590896606
0.032741401344537735
0.0034152099397033453
-0.03333570063114166
-0.42258501052856445
0.011807500384747982
-0.004810680169612169
0.09279529750347137
0.28519800305366516
0.15074799954891205
-0.00484221987426281
0.4102649986743927
0.0726877972483635
0.08468399941921234
-0.30300000309944153
0.047495901584625244
-0.007208259776234627
0.13159599900245667
-0.24072499573230743
-0.002458619885146618
0.1424569934606552
0.21238000690937042
-0.15863099694252014
-0.02873929962515831
-0.027493899688124657
-0.28834500908851624
0.04362750053405762
-0.18150800466537476
-0.13785600662231445
-0.10051199793815613
0.3453640043735504
0.008279729634523392
0.467756986618042
-0.3757300078868866
-0.06593389809131622
0.08883789926767349
0.33862900733947754
-0.0042326198890805244
0.14045999944210052
0.03852450102567673
-0.04897090047597885
-0.018059400841593742
0.03202209994196892
0.021183600649237633
-0.0070373499765992165
0.02213509939610958
0.01289290003478527
0.01791529916226864
-0.021776799112558365
-0.0038586899172514677
-0.04245540127158165
-0.026158399879932404
0.006796979811042547
-0.046023499220609665
-0.046291500329971313
0.04860150068998337
0.03786979988217354
-0.029867000877857208
0.012209099717438221
-0.01535169966518879
-0.010060199536383152
0.0025115199387073517
-0.13662299513816833
-0.01917410083115101
0.09385540336370468
-0.03127079829573631
0.029120400547981262
-0.15598100423812866
0.04515320062637329
0.4559659957885742
0.5718389749526978
-0.19278499484062195
0.5594249963760376
-0.016575699672102928
0.326308012008667
-0.26058998703956604
0.3287369906902313
0.24226899445056915
-0.1367810070514679
-0.013926399871706963
0.6515780091285706
-0.03072820045053959
0.01730239950120449
0.28073298931121826
0.20002999901771545
-0.08076079934835434
0.03674430027604103
0.03184410184621811
0.05995919927954674
-0.04250819981098175
0.13601399958133698
0.244718998670578
0.048592500388622284
0.1659500002861023
0.010097700171172619
0.3185249865055084
-0.1552560031414032
0.17340700328350067
-0.012623400427401066
0.04321679845452309
-0.042787399142980576
0.3591749966144562
-0.06116870045661926
0.018999800086021423
-0.20689700543880463
0.007355810143053532
0.1082570031285286
0.036466099321842194
0.01720700040459633
-0.04972279816865921
-0.03956630080938339
0.13799799978733063
0.11765500158071518
-0.10684199631214142
0.24599699676036835
0.04214270040392876
0.4971129894256592
0.19947299361228943
0.17759500443935394
0.18714100122451782
0.24381500482559204
-0.029694199562072754
0.07525379955768585
-0.009489590302109718
0.043378498405218124
0.15618999302387238
0.39007699489593506
0.29822200536727905
-0.026880599558353424
0.01919190026819706
-0.02756199985742569
-0.042306799441576004
-0.38631001114845276
-0.33400800824165344
-0.009109269827604294
0.07013119757175446
-0.04250049963593483
0.14663800597190857
0.008892210200428963
-0.15870900452136993
-0.037695299834012985
0.7723389863967896
0.04198639839887619
-0.07755819708108902
0.07043159753084183
-0.03899480029940605
-0.010373299941420555
-0.10230600088834763
-0.06279119849205017
0.06011379882693291
-0.014870800077915192
0.33207398653030396
-0.01936040073633194
0.4687590003013611
0.5700899958610535
0.007726919837296009
0.013166899792850018
-0.04402359947562218
-0.042862098664045334
0.16129900515079498
0.25053200125694275
-0.013752800412476063
-0.5743889808654785
-0.03535979986190796
0.4551739990711212
0.027820799499750137
0.002882000058889389
-0.01895100064575672
0.04684719815850258
-0.3897800147533417
-0.05274669826030731
0.014198699966073036
0.31900501251220703
-0.027319399639964104
0.08109620213508606
0.17629800736904144
0.022962000221014023
0.16051800549030304
-0.01330410037189722
0.20541299879550934
0.1195020005106926
0.146697998046875
-0.04685090109705925
-0.13516999781131744
-0.03566119819879532
0.27499300241470337
0.02556920051574707
-0.008164630271494389
0.01798119954764843
-0.0043948800303041935
-0.03317210078239441
-0.027160299941897392
-0.037435099482536316
-0.02024970017373562
0.007089079823344946
-0.02050819993019104
0.025842899456620216
-0.06079750135540962
0.013425299897789955
0.03953630104660988
-0.005908759776502848
-0.03104810044169426
-0.032731398940086365
0.010503600351512432
0.03655879944562912
0.01592010073363781
-0.02732039988040924
-0.015603199601173401
0.003225679975003004
-0.04075780138373375
-0.02967189997434616
-0.03963819891214371
-0.015612199902534485
-0.03841700032353401
-0.015650400891900063
-0.03943929821252823
0.027854299172759056
-0.02218480035662651
-0.03551829978823662
-0.01292440015822649
-0.006019169930368662
-0.03720790147781372
-0.023994699120521545
0.03758319839835167
-0.0020278599113225937
0.02677850052714348
-0.03456420078873634
-0.047304801642894745
0.0
-0.007819389924407005
0.23183800280094147
0.13362599909305573
0.3222930133342743
-0.015832699835300446
-0.04916569963097572
0.3663429915904999
-0.04486539959907532
0.2614920139312744
0.44403499364852905
-0.004108599852770567
0.12392500042915344
-0.0161042008548975
0.07812049984931946
0.02785949967801571
0.23169000446796417
-0.3059529960155487
-0.10483899712562561
-0.02213349938392639
0.5234460234642029
0.03231240063905716
0.037819601595401764
-0.26726099848747253
0.17919600009918213
-0.6079469919204712
-0.025964299216866493
-0.015611800365149975
-0.5580570101737976
-0.02644450031220913
-0.05437159910798073
-0.02653929963707924
0.11361200362443924
-0.00732117984443903
-0.03188439831137657
0.40073999762535095
0.2565940022468567
-0.011467300355434418
-0.25047001242637634
-0.026906799525022507
0.0479544997215271
0.23890699446201324
-0.01705930009484291
0.04874660074710846
0.02169720083475113
0.018810000270605087
-0.0202907994389534
-0.029532000422477722
-0.007759680040180683
0.009196080267429352
-0.026538299396634102
-0.04906290024518967
-0.04125399887561798
-0.05132469907402992
-0.010021000169217587
0.04940430074930191
0.03591420128941536
-0.015904100611805916
-0.026043500751256943
-0.025559300556778908
-0.04347670078277588
-0.016746200621128082
0.036392200738191605
-0.01250819955021143
0.039282601326704025
-0.08401279896497726
0.0533142015337944
-0.03325920179486275
0.12096700072288513
-0.030703600496053696
0.15062500536441803
-0.18325699865818024
-0.02347799949347973
-0.48495998978614807
-0.14812999963760376
-0.12817299365997314
0.16084200143814087
-0.1761769950389862
-0.06709049642086029
-0.02638169936835766
-0.04680309817194939
-0.08063449710607529
0.1954669952392578
-0.016711400821805
0.033785201609134674
0.084477998316288
-0.07219020277261734
-0.1115880012512207
-0.8810989856719971
-0.33383598923683167
0.008356300182640553
-0.6115149855613708
-0.011902200058102608
-0.001851000008173287
-0.13512800633907318
0.013750899583101273
0.19825400412082672
0.22652100026607513
-0.23228499293327332
0.044697199016809464
0.0033416301012039185
0.025180399417877197
-0.10314600169658661
-0.12860900163650513
-0.0003129940014332533
0.03179360181093216
-0.11408700048923492
0.10097000002861023
0.06101410090923309
-0.15530399978160858
-0.30751198530197144
0.007804329972714186
-0.16995300352573395
0.26893100142478943
0.009033099748194218
-0.20441100001335144
-0.03194909915328026
-0.08272869884967804
0.012601500377058983
-0.22008100152015686
-0.1321530044078827
0.007698980160057545
-0.022360600531101227
-0.17495200037956238
-0.7642660140991211
-0.026036899536848068
0.005715270061045885
-0.3770590126514435
0.0928347036242485
-0.4299449920654297
-0.17771899700164795
0.6745240092277527
0.018195999786257744
-0.3137739896774292
0.23793700337409973
0.0401436984539032
-0.044894199818372726
0.01787479966878891
0.1544400006532669
0.2696850001811981
-0.3038890063762665
-0.16801999509334564
-0.05075930058956146
0.03137329965829849
-0.06477010250091553
-0.37531399726867676
-0.03852669894695282
0.04105519875884056
-0.1905220001935959
-0.3903200030326843
0.1768060028553009
0.003643440082669258
-0.43351998925209045
0.016516000032424927
-0.7024369835853577
-0.030480999499559402
-0.014401700347661972
-0.028315000236034393
-0.0019364099716767669
-0.8143799901008606
0.06663089990615845
-0.06266509741544724
-0.127811998128891
0.017292900010943413
-0.004376090131700039
0.06224789842963219
-0.816428005695343
-0.042824700474739075
0.03662969917058945
-0.2548930048942566
0.12243200093507767
-0.2635039985179901
-0.17037199437618256
0.8233259916305542
-0.02941880002617836
-0.3890880048274994
-0.14299200475215912
0.019223099574446678
-0.10413900017738342
-0.22812199592590332
-0.022156700491905212
-0.2757419943809509
-0.008897430263459682
-0.2587360143661499
0.042636800557374954
-0.026556100696325302
-0.05963819846510887
-0.09471189975738525
0.033789001405239105
0.015689199790358543
-0.1347530037164688
-0.16990500688552856
0.0766163021326065
0.08712469786405563
0.26934701204299927
0.006961340084671974
-0.2941280007362366
0.1293179988861084
-0.04264630004763603
-0.11663500219583511
-0.2868559956550598
-0.2791439890861511
-0.37194299697875977
0.006351879797875881
-0.07739470154047012
0.014739500358700752
0.04660940170288086
-0.28824299573898315
-0.027132200077176094
0.02553969994187355
0.0012250799918547273
-0.04445189982652664
0.4162310063838959
-0.5446010231971741
-0.18063199520111084
0.5982530117034912
0.03945859894156456
-0.29489099979400635
-0.5547040104866028
-0.03444239869713783
-0.16592100262641907
-0.18079300224781036
0.31291699409484863
-0.21235600113868713
-0.03178039938211441
-0.12307599931955338
-0.005125230178236961
-0.04727080091834068
-0.09899389743804932
-0.7990959882736206
-0.00391901982948184
0.002065609907731414
-0.13567599654197693
-0.04842570051550865
-0.08840160071849823
0.2741070091724396
-0.2688849866390228
0.036087099462747574
-0.27720001339912415
0.014099299907684326
-0.04176560044288635
-0.1316089928150177
-0.11023399978876114
-0.11494100093841553
-0.43165600299835205
-0.12261799722909927
-0.19092999398708344
-0.04495859891176224
0.031065799295902252
-0.2168699949979782
-0.08768370002508163
0.012072400189936161
0.014104699715971947
0
1
