3
9
5
20
20
20
20
20
ReLU
ReLU
ReLU
ReLU
ReLU
Affine
0.8915789723396301
-0.2963410019874573
-0.13311100006103516
0.024184299632906914
1.7224299907684326
-0.028442099690437317
-0.12251000106334686
0.0022141700610518456
0.0030546600464731455
0.014861499890685081
-0.19718100130558014
-0.10757499933242798
-0.019734399393200874
-0.0014642500318586826
0.0005239919992163777
-0.010912500321865082
0.0028106500394642353
0.01717429980635643
-0.19765600562095642
-0.10888499766588211
0.08892399817705154
0.14153499901294708
-0.3455269932746887
-0.04841940104961395
-0.7810249924659729
0.48013201355934143
0.01102409977465868
-0.06702669709920883
0.005628020036965609
0.014488800428807735
-0.20135700702667236
-0.11084000021219254
-1.3241900205612183
0.004014530219137669
-0.13760800659656525
-0.032049600034952164
0.001106839976273477
0.011968299746513367
-0.16715799272060394
-0.09012550115585327
1.5216000080108643
-0.0177730992436409
-0.19166100025177002
-0.06270989775657654
1.948699951171875
0.11976400017738342
-0.11949200183153152
-0.0015484499745070934
0.005311829969286919
0.011456499807536602
-0.17870299518108368
-0.09777960181236267
-0.377265989780426
0.21884700655937195
-0.13516800105571747
0.06454270333051682
1.3507699966430664
-0.01740719936788082
-0.13316300511360168
0.020984599366784096
0.0006192079745233059
0.004821219947189093
-0.15093399584293365
-0.07819149643182755
-0.7106999754905701
0.06324680149555206
-0.2504270076751709
-0.09555129706859589
0.001322809956036508
0.009893490001559258
-0.18276700377464294
-0.09700199961662292
-0.3634220063686371
0.027211299166083336
-0.2810400128364563
0.01756889931857586
1.3686100244522095
0.07817470282316208
-0.344074010848999
-0.1548209935426712
0.09750279784202576
0.3584569990634918
0.21390500664710999
0.0406326986849308
0.12595300376415253
-0.02626270055770874
0.2685689926147461
0.1789270043373108
0.41846099495887756
0.13776400685310364
0.3644320070743561
0.1684979945421219
0.18284699320793152
-0.08933360129594803
0.25304898619651794
0.13701799511909485
0.01134680025279522
0.17426200211048126
0.0622963011264801
0.18854300677776337
-0.007912100292742252
0.10907600075006485
0.26997798681259155
0.20603500306606293
0.0012572299456223845
0.1831669956445694
-0.14655600488185883
-0.1382949948310852
0.19096699357032776
0.2598690092563629
0.16308599710464478
0.1123809963464737
0.18583400547504425
0.15860800445079803
-0.18338100612163544
0.24998100101947784
0.16785700619220734
-0.40521299839019775
0.21656900644302368
0.0633149966597557
-0.0338624007999897
-0.009525430388748646
-0.3109860122203827
-0.47570300102233887
-0.12465500086545944
-0.01783750019967556
-0.14444099366664886
0.21812200546264648
0.5439760088920593
-0.04190490022301674
0.4639669954776764
-0.12707999348640442
-0.582522988319397
0.009514080360531807
-0.046605199575424194
0.11401599645614624
-0.4461050033569336
-0.08003319799900055
0.5622979998588562
-0.15214000642299652
-0.055465299636125565
-0.5588750243186951
0.06388209760189056
0.09783490002155304
0.36464500427246094
0.15762600302696228
-0.02514290064573288
0.21785899996757507
0.0033307699486613274
0.07324700057506561
0.14083899557590485
0.3392210006713867
0.13853999972343445
0.3326779901981354
0.22580300271511078
0.15618400275707245
0.033142201602458954
0.24964499473571777
0.2077600061893463
-0.04916210100054741
0.22551000118255615
0.143204003572464
0.19084499776363373
0.006858480162918568
0.10859599709510803
0.3036090135574341
0.21549199521541595
-0.015243399888277054
0.1796640008687973
-0.09480469673871994
0.16499300301074982
0.17302900552749634
0.4059320092201233
0.1846819967031479
0.29902198910713196
0.21833300590515137
0.16293199360370636
-0.12720200419425964
0.2053299993276596
0.19833099842071533
0.03523410111665726
0.1868000030517578
0.09861230105161667
0.160194993019104
-0.006716430187225342
0.07952269911766052
0.403887003660202
0.21532900631427765
0.06155410036444664
0.18452000617980957
0.03399920091032982
0.21954399347305298
0.17619100213050842
0.10886300355195999
0.16915099322795868
0.30425599217414856
0.3655349910259247
0.10498200356960297
-0.07250399887561798
0.2043589949607849
0.16723400354385376
0.2608659863471985
0.13067199289798737
0.030718399211764336
0.2006240040063858
-0.06431230157613754
0.12472700327634811
0.40326398611068726
0.1478859931230545
-0.034215498715639114
0.13153600692749023
-0.05677809938788414
0.13533799350261688
0.17783500254154205
-0.025987600907683372
0.12163800001144409
0.362637996673584
0.3267189860343933
0.17749400436878204
-0.07298450171947479
0.19933900237083435
0.2016039937734604
0.01516059972345829
0.1506900042295456
-0.06573309749364853
0.2892029881477356
-0.01048159971833229
0.09727939963340759
0.35263898968696594
0.19316600263118744
-0.027631299570202827
0.20241400599479675
-0.017496099695563316
0.15761399269104004
0.21669599413871765
0.4234809875488281
0.18214400112628937
0.3609899878501892
0.28377899527549744
0.11939200013875961
0.037195801734924316
0.2249249964952469
0.16041499376296997
0.03468329831957817
0.15764200687408447
0.15479999780654907
0.18253600597381592
0.04810990020632744
0.03286769986152649
0.2814539968967438
0.1739490032196045
-0.031732700765132904
0.17415399849414825
-0.21104800701141357
-0.301256000995636
0.1653369963169098
0.019655900076031685
0.16849100589752197
0.16686099767684937
0.2827700078487396
0.11840000003576279
-0.13340599834918976
0.24571000039577484
0.1425749957561493
-0.3168390095233917
0.1325719952583313
-0.03776979818940163
0.036191198974847794
-0.003129709977656603
0.03141779825091362
0.2853200137615204
0.15921400487422943
0.02588150091469288
0.12584500014781952
-0.1268569976091385
-0.015677999705076218
0.19245600700378418
0.4451720118522644
0.11504600197076797
0.2742849886417389
0.23796799778938293
0.09194350242614746
-0.07887929677963257
0.17369499802589417
0.21825000643730164
0.04544270038604736
0.15171100199222565
0.08283379673957825
0.23165400326251984
-0.007172720041126013
0.019484300166368484
0.3453019857406616
0.1272059977054596
-0.009961700066924095
0.21906399726867676
-0.06481420248746872
0.025381799787282944
0.1862100064754486
0.3530060052871704
0.12951600551605225
0.32041698694229126
0.23872800171375275
0.1885949969291687
-0.003139799926429987
0.2536410093307495
0.21807700395584106
-0.10579100251197815
0.15489399433135986
0.13473400473594666
0.1228879988193512
0.004369429778307676
-0.03933490067720413
-0.001247919979505241
0.008860900066792965
0.009124879725277424
-0.02252510003745556
-0.010994000360369682
-0.004053430166095495
-0.011101000010967255
-0.04177689924836159
-0.011945500038564205
-0.0009450759971514344
-0.024083999916911125
-0.01909100078046322
-0.047899600118398666
-0.035244401544332504
-0.012187699787318707
-0.007869759574532509
-0.006992320064455271
0.001264440012164414
0.03287389874458313
-0.0010376600548624992
0.061525799334049225
0.3380500078201294
0.14521600306034088
-0.00984933041036129
0.1818549931049347
-0.056934598833322525
0.14034099876880646
0.14749400317668915
0.26553499698638916
0.1652749925851822
0.33695200085639954
0.16843299567699432
0.187172994017601
-0.04639289900660515
0.2555519938468933
0.13412199914455414
-0.030773499980568886
0.16365699470043182
0.09241630136966705
0.14485099911689758
0.005139919929206371
0.487760990858078
0.4154910147190094
-0.08041969686746597
0.026995500549674034
-0.08440479636192322
-0.09386839717626572
-0.08294139802455902
-0.05717010051012039
-0.5470150113105774
-0.09022720158100128
0.2600429952144623
0.7131109833717346
-0.03209570050239563
-0.4402869939804077
0.37464800477027893
-0.02673969976603985
0.06786440312862396
-0.07849030196666718
-0.22902299463748932
0.5322960019111633
-0.0006134160212241113
-0.0372265987098217
-0.21071699261665344
-0.11433199793100357
-0.04764920100569725
-0.10424099862575531
0.10170800238847733
0.1361750066280365
-0.059643398970365524
-0.2100519984960556
-0.11480800062417984
-0.2550179958343506
0.08671040087938309
-0.084784597158432
0.01120229996740818
-0.22099700570106506
-0.10752400010824203
0.08799280226230621
-0.09958440065383911
-0.16135799884796143
-0.1681170016527176
0.13668900728225708
0.07151290029287338
0.39969998598098755
-0.054954301565885544
-0.036330800503492355
-0.007568289991468191
-0.437252014875412
-0.6702089905738831
-0.08840130269527435
0.1268800050020218
-0.0009952159598469734
0.20556099712848663
0.3584820032119751
-0.034116800874471664
-0.28446701169013977
0.26065999269485474
-0.03605569899082184
-0.38571399450302124
-0.06588339805603027
-0.17745999991893768
0.25674501061439514
0.0864705964922905
0.0024490500800311565
-0.028025399893522263
-0.043067701160907745
0.00993712991476059
0.012820400297641754
-0.006812970153987408
-0.04961689934134483
-0.044213999062776566
-0.025461899116635323
0.012733500450849533
-0.012429299764335155
0.03869520127773285
-0.03325309976935387
-0.0002759119961410761
-0.050533898174762726
0.0016626500291749835
0.045389000326395035
0.00014488300075754523
0.013636399991810322
-0.037825800478458405
-0.007926899939775467
0.12633199989795685
0.3249180018901825
0.1314930021762848
0.002040209947153926
0.2048950046300888
-0.14210300147533417
0.013224899768829346
0.11326199769973755
0.07966359704732895
0.18525099754333496
0.22046799957752228
0.21407799422740936
0.16584600508213043
-0.09239319711923599
0.24740199744701385
0.12590600550174713
-0.2697390019893646
0.19640100002288818
-0.008112570270895958
0.1190819963812828
-0.023524299263954163
0.03542289882898331
-0.05338440090417862
-0.01940220035612583
-0.00853653997182846
-0.031284600496292114
-0.047634001821279526
-0.0019535201136022806
0.0033622400369495153
-0.05032699927687645
0.020542899146676064
0.00555471982806921
-0.04465540125966072
-0.03747579827904701
0.009097839705646038
-0.023468099534511566
0.018021000549197197
0.039117101579904556
-0.004734020214527845
-0.021974900737404823
0.008106769993901253
-0.007361759897321463
0.027649400755763054
0.3392319977283478
0.18636099994182587
0.005096780136227608
0.17370299994945526
-0.014648200012743473
0.152320995926857
0.11937899887561798
0.3264699876308441
0.12275200337171555
0.3005389869213104
0.1994740068912506
0.12879399955272675
-0.042385898530483246
0.2573930025100708
0.14424799382686615
-0.11421199887990952
0.1586720049381256
0.11103399842977524
0.18356500566005707
-0.005891719833016396
-0.04128909856081009
-0.0306318998336792
0.0006857200060039759
0.041684798896312714
-0.012125300243496895
-0.04053099825978279
-0.008711859583854675
-0.018692700192332268
-0.011122900061309338
-0.0132964001968503
-0.0067468201741576195
-0.013514899648725986
0.004697979893535376
0.024540599435567856
-0.019998500123620033
0.000735278008505702
-0.024962900206446648
-0.013452599756419659
0.0002595190017018467
-0.029295699670910835
-0.000694515008945018
-0.0266868993639946
-0.016136599704623222
-0.022310100495815277
0.012152399867773056
-0.023079900071024895
0.020098600536584854
-0.012786800041794777
-0.047530099749565125
-0.02258870005607605
0.025488900020718575
0.03514980152249336
0.020522799342870712
-0.0357172004878521
0.006314840167760849
-0.023471800610423088
0.020176000893115997
-0.034874700009822845
-0.029819300398230553
-0.03955040127038956
0.02243500016629696
-0.0010733399540185928
-0.015420099720358849
-0.19070999324321747
0.5582630038261414
-0.09279359877109528
0.04581949859857559
0.10587000101804733
0.155116006731987
-7.058060145936906e-05
0.055275898426771164
0.02118770033121109
-0.10201700031757355
-0.039668601006269455
-0.07909580320119858
1.381700038909912
0.35346999764442444
-0.09570399671792984
-0.01455910038203001
-0.0579833984375
0.007584409788250923
-0.012037600390613079
0.12209299951791763
0.023684300482273102
0.009258599951863289
-0.03937320038676262
0.0006515089771710336
0.011242600157856941
0.011358699761331081
-0.045349299907684326
-0.04112759977579117
0.03379439935088158
-0.004038169980049133
0.04306580126285553
0.01808360032737255
-0.04365989938378334
-0.047752898186445236
0.014638200402259827
0.03706179931759834
-0.04870060086250305
-0.012507599778473377
0.01846330054104328
-0.04732770100235939
-0.0009128969977609813
0.2278990000486374
0.23980000615119934
-0.32016199827194214
0.10437300056219101
0.25931400060653687
0.39139100909233093
0.24984000623226166
0.16164399683475494
0.23410199582576752
0.2805899977684021
0.14454799890518188
0.012181299738585949
0.13816100358963013
-1.0091999769210815
-0.25944799184799194
0.4530330002307892
0.009485569782555103
0.17616599798202515
0.038473501801490784
0.06563570350408554
0.050915300846099854
0.08087310194969177
-0.18442299962043762
0.5550320148468018
-0.0488228015601635
0.06776349991559982
0.13429300487041473
0.21755699813365936
-0.004281079862266779
0.09787949919700623
-0.0026987900491803885
-0.12271100282669067
-0.011213299818336964
-0.04005049914121628
1.4080899953842163
0.2889559864997864
-0.008241389878094196
0.030850300565361977
-0.07083170115947723
-0.02593179978430271
-0.07271280139684677
0.09867080301046371
0.12477900087833405
0.20429199934005737
-0.510837972164154
0.12682799994945526
0.14022000133991241
0.17324799299240112
0.09190359711647034
0.19427500665187836
0.0841509997844696
0.20628100633621216
0.14544899761676788
0.024806300178170204
0.07577689737081528
-1.2350000143051147
-0.1909399926662445
0.22910599410533905
-0.030164100229740143
0.12822400033473969
-0.03411810100078583
0.15463800728321075
0.06050470098853111
-0.05407639965415001
-0.047963500022888184
-0.05733960121870041
0.010782100260257721
-0.03196780011057854
-0.036541398614645004
0.03704959899187088
0.0009039259748533368
0.010288899764418602
-0.007563719991594553
0.0008736809832043946
0.021194899454712868
0.02806990034878254
-0.03688940033316612
-0.02264069952070713
0.01733970083296299
0.02270900085568428
-0.01805339939892292
0.010250899940729141
-0.026481499895453453
-0.008351979777216911
0.05824889987707138
0.2117139995098114
-0.7006499767303467
0.12099999934434891
0.13046899437904358
0.3384310007095337
0.28778600692749023
0.1328829973936081
0.22951500117778778
0.09237819910049438
0.10588700324296951
-0.0028591600712388754
0.13303999602794647
-1.0450999736785889
-0.27755099534988403
0.46848198771476746
0.006869580131024122
0.20604999363422394
0.019663600251078606
0.13476799428462982
0.013503899797797203
0.03317059949040413
0.014635800383985043
0.027009999379515648
-0.017674800008535385
-0.020292000845074654
-0.054576899856328964
0.012485099956393242
-0.051208801567554474
-0.007836390286684036
0.02388159930706024
0.03508549928665161
-0.01272329967468977
0.012882900424301624
0.04436749964952469
-0.03931279852986336
0.0029873400926589966
-0.047680698335170746
-0.02632959932088852
-0.0006606249953620136
-0.03373140096664429
-0.0038346699438989162
0.0450826995074749
0.23632599413394928
-0.9529809951782227
0.10511600226163864
0.10363399982452393
0.24920299649238586
0.2401909977197647
0.0861055999994278
0.33542299270629883
0.19094200432300568
0.173443004488945
-0.021360499784350395
0.09293530136346817
-1.0617599487304688
-0.2751829922199249
0.698049008846283
-0.00043769399053417146
0.1882610023021698
-0.014450499787926674
0.1122099980711937
0.013144300319254398
0.21258200705051422
0.24269899725914001
-0.5344409942626953
0.16446100175380707
0.13053299486637115
0.20829300582408905
0.17162099480628967
0.1728309988975525
0.09974490106105804
0.24959099292755127
0.13474400341510773
-0.04071279987692833
0.14846700429916382
-1.2394599914550781
-0.21571800112724304
0.1256749927997589
-0.04577169939875603
0.18090400099754333
0.03474399819970131
0.15582500398159027
0.028157899156212807
0.2770960032939911
0.20367099344730377
-1.1257200241088867
0.21003299951553345
0.21276099979877472
0.22540700435638428
0.16740000247955322
0.21290899813175201
0.0028389999642968178
0.17425599694252014
0.1799280047416687
0.03432070091366768
0.24811400473117828
-1.3143399953842163
-0.3105759918689728
0.05114839971065521
-0.04810760170221329
0.257874995470047
-0.034637100994586945
0.17846399545669556
0.03818120062351227
0.30167800188064575
-0.10716599971055984
-0.8071179986000061
0.18660099804401398
0.20094899833202362
0.32930999994277954
0.26283401250839233
0.2645510137081146
0.04981739819049835
0.16438999772071838
0.22538000345230103
0.01154670026153326
0.2232780009508133
-1.4407000541687012
-0.27743101119995117
-0.27496200799942017
0.015745200216770172
0.17299999296665192
-0.019962100312113762
0.26285800337791443
-0.043754998594522476
0.06731530278921127
-0.14285899698734283
0.4839319884777069
-0.08306699991226196
0.09046979993581772
0.2811889946460724
0.24224500358104706
-0.02486559934914112
0.14717400074005127
0.0953415036201477
-0.05445459857583046
-0.034952301532030106
-0.016434600576758385
1.4771000146865845
0.2898919880390167
0.013994099572300911
-0.010602599941194057
0.010264700278639793
-0.032811298966407776
-0.07313519716262817
0.08471029996871948
-0.14094899594783783
0.2993429899215698
0.05367619916796684
0.13335199654102325
-0.06346280127763748
-0.2744620144367218
-0.22721999883651733
0.20555299520492554
-0.4126279950141907
-0.13134700059890747
0.09375619888305664
0.017284199595451355
-0.015247699804604053
-0.7518090009689331
0.24254800379276276
0.30264899134635925
-0.02297689951956272
-0.09320870041847229
-0.007304179947823286
0.05291470140218735
0.2160249948501587
0.2777099907398224
0.3596689999103546
-0.29359498620033264
0.1433590054512024
0.20064499974250793
0.1455720067024231
0.0855386033654213
0.14613200724124908
-0.4796279966831207
0.10979200154542923
0.18870000541210175
-0.012682000175118446
0.16095100343227386
-1.5505499839782715
-0.13445299863815308
-0.2234169989824295
-0.03987180069088936
0.11311200261116028
0.04480670019984245
0.24552200734615326
0.03446989879012108
0.26190701127052307
0.10679599642753601
-1.0659500360488892
0.14517800509929657
0.1916780024766922
0.09008549898862839
0.15121899545192719
0.24908900260925293
-0.01933559961616993
0.18789799511432648
0.18697799742221832
0.019812699407339096
0.2420469969511032
-1.4921000003814697
-0.24782200157642365
-0.15070700645446777
0.011607999913394451
0.13096599280834198
-0.03536190092563629
0.14808499813079834
0.031087299808859825
0.2767550051212311
0.3035709857940674
-0.354110985994339
0.11126700043678284
0.2836900055408478
0.35137999057769775
0.24180200695991516
0.17141500115394592
0.19946099817752838
0.2878359854221344
0.16504399478435516
0.04016970098018646
0.17354899644851685
-1.0295900106430054
-0.20729100704193115
0.3452860116958618
0.02838760055601597
0.21081499755382538
0.009290800429880619
0.14400799572467804
0.043261900544166565
0.05501279979944229
0.09998270124197006
-0.8963180184364319
0.08539219945669174
0.05401869863271713
0.2243330031633377
0.16447600722312927
0.14985400438308716
0.26492398977279663
0.18995599448680878
0.1908860057592392
0.01775299943983555
0.10554999858140945
-1.1715699434280396
-0.2634649872779846
0.4736439883708954
0.0062901899218559265
0.12328000366687775
-0.00796458963304758
0.11362200230360031
0.03425149992108345
-0.02520029991865158
-0.031777799129486084
-0.013746200129389763
0.004405499901622534
-0.023684000596404076
-0.045392900705337524
0.0341482013463974
-0.0006463670288212597
0.002627820009365678
0.015402199700474739
0.04044479876756668
0.0017314599826931953
-0.008039530366659164
0.03887199983000755
0.042369499802589417
-0.02407499961555004
-0.042245298624038696
-0.025848399847745895
-0.006711500231176615
-0.04460940137505531
-0.0006945389905013144
0.006696470081806183
0.04005090147256851
-0.03972110152244568
-0.013064700178802013
0.02120020054280758
-0.00017013300384860486
-0.05353450030088425
-0.015117499977350235
-0.051152098923921585
-0.04912450164556503
-9.481239976594225e-05
0.007771660108119249
0.019748400896787643
-0.05093580111861229
-0.004210410173982382
0.016764100641012192
0.0005539900157600641
0.02550620026886463
0.00034536898601800203
0.008692259900271893
-0.001744210021570325
-0.023347999900579453
-0.010868200100958347
-0.25454598665237427
0.0032818398904055357
0.2578499913215637
-0.22848600149154663
0.3325130045413971
0.02443769946694374
0.3640719950199127
-0.03712160140275955
0.5339409708976746
0.2992970049381256
0.6015480160713196
0.5315899848937988
-0.1121160015463829
0.25392401218414307
0.08861339837312698
0.34983301162719727
0.2611849904060364
0.5202119946479797
0.05414989963173866
-0.023471500724554062
0.027930699288845062
-0.01358409970998764
-0.04222720116376877
0.0004779069859068841
-0.009052629582583904
-0.029718700796365738
-0.014489700086414814
0.012958800420165062
0.00391770014539361
0.036063700914382935
-0.033154699951410294
0.0427732989192009
-0.010467800311744213
0.007407510187476873
0.009679200127720833
-0.023789800703525543
-0.021488700062036514
-0.03222079947590828
0.035324499011039734
-0.0006945380009710789
-0.006692269816994667
0.04504309967160225
-0.023861100897192955
0.005978410132229328
0.005508610047399998
-0.03296950086951256
-0.016378799453377724
-0.032961200922727585
0.04596560075879097
-0.015437000431120396
0.03783030062913895
-0.026234900578856468
-0.04932060092687607
0.02491540089249611
0.03547149896621704
0.008404649794101715
-0.00038814099389128387
-0.017653200775384903
-0.045551199465990067
-0.023360999301075935
-0.0006945380009710789
0.0158843994140625
0.00673307990655303
0.28224799036979675
0.042995501309633255
0.028309199959039688
0.2696489989757538
-0.06792320311069489
0.03434479981660843
0.10121800005435944
0.03183300048112869
0.26165300607681274
-0.03741550073027611
-0.4224970042705536
-0.779308021068573
0.300339013338089
-0.2532689869403839
-0.27042001485824585
-0.6659870147705078
0.05580829828977585
-0.009943230077624321
0.001256820047274232
0.02176940068602562
-0.03106760047376156
-0.20343099534511566
0.03302580118179321
0.29045501351356506
-0.18821899592876434
0.2316790074110031
-0.017865000292658806
0.3236970007419586
-0.01902420073747635
0.4547179937362671
0.3225100040435791
0.5018600225448608
0.5597839951515198
-0.11720599979162216
0.24887500703334808
0.008876809850335121
0.3556939959526062
0.287757009267807
0.4229600131511688
0.03732239827513695
-0.03674139827489853
0.024176200851798058
-0.10795100033283234
-0.04459819942712784
0.03061770088970661
-0.1720689982175827
0.1668819934129715
-0.04446909949183464
0.28212401270866394
0.0015377999516204
0.4750489890575409
0.2156040072441101
-0.00935181975364685
-0.20463499426841736
-0.18549899756908417
0.1837960034608841
-0.4283350110054016
-0.17791500687599182
-0.003766739973798394
0.5968449711799622
0.05341299995779991
0.004438019823282957
0.006639540195465088
-0.45794299244880676
-0.015483899973332882
-0.1539909988641739
-0.48745599389076233
0.09668420255184174
-0.01632470078766346
-0.05929819867014885
-0.021021300926804543
-0.2570759952068329
0.11575199663639069
0.389147013425827
0.3660619854927063
-0.49099600315093994
0.6571320295333862
0.5577009916305542
0.5710729956626892
-0.054533399641513824
-0.06492310017347336
0.1055229976773262
0.0480789989233017
0.0013247700408101082
0.17364400625228882
-0.04397109895944595
-0.2644979953765869
0.16782400012016296
-0.14650100469589233
-0.04533189907670021
-0.42000699043273926
0.03508349880576134
-0.7344189882278442
-0.12230599671602249
0.09113790094852448
0.5684369802474976
0.19428099691867828
0.20505499839782715
0.9356039762496948
0.6111140251159668
-0.10769499838352203
-0.5486530065536499
0.08863680064678192
0.04463540017604828
-0.014814400114119053
-0.5418270230293274
-0.002384579973295331
0.37117698788642883
-0.49428701400756836
0.38373398780822754
-0.033229801803827286
0.3907510042190552
0.03916209936141968
0.30809101462364197
0.322625994682312
0.4828360080718994
0.4293749928474426
-0.49508801102638245
0.36984699964523315
0.3258329927921295
0.41400501132011414
0.3948900103569031
0.3159469962120056
0.0907420963048935
0.01522810012102127
0.0007782779866829515
0.012841599993407726
0.031168799847364426
-0.02385929971933365
-0.012824499979615211
-0.04915139824151993
0.0485927015542984
-0.038190100342035294
0.005435219965875149
0.01279349997639656
-0.014951299875974655
0.0037631699815392494
0.024133499711751938
-0.025877099484205246
-0.03831610083580017
0.04889719933271408
-0.0303374994546175
-0.044338200241327286
-0.044467199593782425
-0.0006945250206626952
-0.009997759945690632
-0.008284050039947033
-0.3541949987411499
-0.003342940006405115
0.3454909920692444
-0.2883780002593994
0.31447601318359375
-0.027781600132584572
0.38262099027633667
-0.01425359956920147
0.46406400203704834
0.34758201241493225
0.4836120009422302
0.6747599840164185
-0.19392399489879608
0.0777629017829895
0.21090899407863617
0.47105199098587036
0.33467400074005127
0.3753879964351654
-0.09665290266275406
-0.01625490002334118
-0.0060106199234724045
-0.01071960013359785
0.019843699410557747
-0.011604299768805504
0.01678919978439808
-0.007263400126248598
0.007927849888801575
0.006651559844613075
-0.03132329881191254
0.008637780323624611
0.021412400528788567
-0.02617339976131916
-0.024360399693250656
-0.025171499699354172
-0.039103999733924866
0.00980560015887022
-0.03784999996423721
-0.024353399872779846
-0.04547610133886337
0.0
-0.043897900730371475
0.006258000154048204
-0.019063299521803856
0.011181499809026718
-0.039500098675489426
-0.010270999744534492
-0.017170799896121025
-0.0072547500021755695
0.03952790051698685
-0.0005298120086081326
0.0008706059888936579
0.02004159986972809
-9.479089931119233e-05
0.0011380900396034122
0.03405819833278656
-0.05571230128407478
0.03139730170369148
-0.03349529951810837
-0.0450097993016243
-0.05616540089249611
-0.0010575799969956279
-0.02191540040075779
0.016720199957489967
0.03704249858856201
-0.022423699498176575
-0.02294659987092018
0.04163900017738342
0.1193000003695488
-0.00034252199111506343
-0.2168080061674118
-0.04996379837393761
-0.22821399569511414
-0.07492219656705856
-0.2736319899559021
0.17353400588035583
0.07168839871883392
-0.0055916099809110165
-0.7008659839630127
0.10931800305843353
-0.03653949871659279
-0.29803499579429626
0.05441499873995781
-0.00875278003513813
-0.04772099852561951
-0.6162930130958557
-0.03266739845275879
0.26752400398254395
-0.5666880011558533
0.27860599756240845
-0.01689079962670803
0.32602500915527344
0.013636999763548374
0.32245001196861267
0.32386699318885803
0.5075290203094482
0.9049699902534485
-0.5055130124092102
0.0394929014146328
0.3638969957828522
0.5834159851074219
0.25704601407051086
0.34415900707244873
-0.052716199308633804
-0.031696099787950516
0.024075400084257126
-0.2953689992427826
-0.017122000455856323
0.408937007188797
-0.248416006565094
0.3161430060863495
0.04404560104012489
0.4650479853153229
0.017500299960374832
0.48259100317955017
0.2781830132007599
0.6303439736366272
0.7253149747848511
-0.169297993183136
0.04060420021414757
0.016964999958872795
0.48423299193382263
0.36315399408340454
0.41859200596809387
-0.05964000150561333
-0.02276100032031536
0.0193610992282629
0.027916500344872475
-0.049887098371982574
0.03699219971895218
-0.04147940129041672
-0.024065500125288963
-0.034912701696157455
-0.011609500274062157
-0.03510800004005432
-0.023983599618077278
0.03247769922018051
-0.009538349695503712
0.01318379957228899
-0.029511600732803345
-0.020759599283337593
-0.017978699877858162
-0.02881859987974167
0.022059300914406776
-0.04256030172109604
0.0
-0.021869400516152382
-0.033067598938941956
-0.5351840257644653
-0.03686349838972092
0.12665599584579468
-0.6438620090484619
0.22472600638866425
-0.024021200835704803
0.23390500247478485
0.036834098398685455
0.3593659996986389
0.1937679946422577
0.484017014503479
0.4907410144805908
-0.6288480162620544
0.2968269884586334
0.2596220076084137
0.4874249994754791
0.08054739981889725
0.32544198632240295
0.0812148004770279
0.035949598997831345
0.041784901171922684
0.15870699286460876
0.029370900243520737
0.037334099411964417
-0.9614719748497009
0.09165889769792557
0.17998600006103516
0.06264980137348175
0.0013546700356528163
0.3879519999027252
-0.028647400438785553
0.48954400420188904
-0.04923760145902634
-0.006589060183614492
0.3540610074996948
0.21843700110912323
0.31993401050567627
-0.005068690050393343
0.08306469768285751
0.006020859815180302
-0.01914229989051819
0.013946600258350372
0.0042383698746562
-0.04061120003461838
0.03376130014657974
-0.008874209597706795
-0.03927509859204292
-0.015124600380659103
0.01609089970588684
0.01031890045851469
-0.017926599830389023
0.030747199431061745
-0.0450965017080307
-0.020333999767899513
0.03880830109119415
-0.02647319994866848
-0.02828270010650158
-0.05203529819846153
-0.010897300206124783
-0.00628580991178751
-0.003951239865273237
-0.04249290004372597
-0.0342026986181736
0.23432999849319458
-0.039438001811504364
0.011211100034415722
-0.16096000373363495
0.12388300150632858
-0.26956599950790405
-0.0581400990486145
0.05949610099196434
0.35091400146484375
0.04108769819140434
-0.048368901014328
0.030627600848674774
0.0026154699735343456
0.028579000383615494
-0.22236600518226624
0.05328189954161644
0.029674699530005455
-0.31804999709129333
0.01616770029067993
-0.03827790170907974
-0.011234999634325504
-0.45824000239372253
0.02704009972512722
0.03633420169353485
-0.07860720157623291
-0.39748600125312805
-0.08025749772787094
1.2545299530029297
0.1853100061416626
0.18482300639152527
0.04652170091867447
-0.5162249803543091
0.002004029927775264
0.039858099073171616
-0.03752819821238518
-0.4182659983634949
-0.49079298973083496
0.03238939866423607
-0.4531939923763275
0.05486230179667473
0.03396949917078018
0.0281188003718853
0.15504799783229828
-0.04154770076274872
0.018792999908328056
-1.1365599632263184
0.22379599511623383
-0.4363439977169037
-0.072639100253582
0.5571879744529724
0.5381309986114502
-0.028494300320744514
0.14100800454616547
0.04644539952278137
0.0035129000898450613
0.5372440218925476
0.9993680119514465
0.20247399806976318
-0.0336012989282608
0.40446698665618896
-0.08886899799108505
-0.00531869987025857
-0.016370100900530815
0.184812992811203
0.02707980014383793
-0.044314101338386536
-0.02240630052983761
0.15080299973487854
-0.7373650074005127
-0.05710279941558838
0.16693200170993805
0.09875229746103287
-0.04904089868068695
-0.1401509940624237
-0.040394000709056854
-0.006602900102734566
0.07155069708824158
0.5844690203666687
0.31580498814582825
-0.04243620112538338
-0.011360899545252323
0.008944610133767128
-0.0019015499856323004
-0.039601199328899384
-0.2668359875679016
-0.03418760001659393
0.004818169865757227
-0.2625170052051544
-0.13689599931240082
-0.22922100126743317
0.44091498851776123
0.1468389928340912
0.2667039930820465
-0.010995100252330303
-0.11903099715709686
-0.02599629946053028
0.04080180078744888
0.2093449980020523
0.5789669752120972
-0.12240900099277496
0.04451049864292145
0.47071200609207153
0.03772350028157234
0.012106499634683132
0.012220099568367004
0.039537400007247925
-0.03221429884433746
0.023529499769210815
0.07590939849615097
0.0020862699020653963
-0.29626700282096863
-0.2427150011062622
0.0353332981467247
0.2725360095500946
-0.024938300251960754
0.5454729795455933
0.00814868975430727
-0.005776839796453714
0.10504099726676941
-0.5918639898300171
0.11224299669265747
-0.0481393001973629
-0.7619600296020508
0.04109340161085129
0.03992129862308502
0.003175019985064864
-0.04465990141034126
0.01501229964196682
-0.009723319672048092
-0.3775329887866974
0.040700700134038925
0.2658039927482605
0.08513899892568588
0.06995580345392227
0.35302498936653137
-0.03053160011768341
0.09722460061311722
0.02858239971101284
-0.025324299931526184
-0.03639480099081993
-0.2995379865169525
-0.19117100536823273
0.01707340031862259
0.423348993062973
0.09607859700918198
0.008757269941270351
-0.035419099032878876
-0.7224940061569214
-0.014104300178587437
-0.04000389948487282
0.10065700113773346
0.0005766969989053905
-0.21171699464321136
0.873524010181427
0.22590699791908264
-0.9479129910469055
-0.041196901351213455
-0.6729999780654907
-0.042489200830459595
-0.012250199913978577
-0.26024600863456726
0.001418470055796206
-0.35262399911880493
0.008458370342850685
0.10217099636793137
0.11097300052642822
-0.029804300516843796
-0.0023375200107693672
-0.050331298261880875
-0.017650900408625603
-0.03181669861078262
-0.022636299952864647
-0.05266230180859566
-0.042705800384283066
-0.019997600466012955
0.026908699423074722
-0.051173001527786255
0.03153510019183159
-0.04083399847149849
0.02878420054912567
0.027388500049710274
-0.029604200273752213
-0.02312839962542057
0.006896509788930416
-0.006380870006978512
-0.04799550026655197
-0.012886700220406055
-0.047081198543310165
0.019217800348997116
-0.029827000573277473
0.015381500124931335
-0.023841699585318565
-0.044525500386953354
-0.036904700100421906
-0.006229110062122345
0.022852599620819092
-0.007245160173624754
-0.03311049938201904
-0.02473299950361252
-0.04211150109767914
-0.02411630004644394
0.0067904298193752766
0.014517500065267086
-0.019474899396300316
-0.011453500017523766
0.010310100391507149
-0.03692970052361488
-0.007252340205013752
-0.032397300004959106
-0.03408249840140343
0.36603501439094543
0.02894340083003044
0.007294840179383755
-0.5795239806175232
0.28575399518013
-0.06159510090947151
-0.7081620097160339
-0.43455201387405396
0.3517700135707855
-0.0445576012134552
0.5376989841461182
-0.03244189918041229
0.018804600462317467
0.25696200132369995
-0.16387000679969788
0.41968899965286255
0.02742299996316433
-0.28880301117897034
-0.024393700063228607
-0.04001989960670471
-0.044161200523376465
0.4091689884662628
0.015845099464058876
-0.03337959945201874
-0.008455400355160236
0.2090349942445755
-0.0664604976773262
-0.6874150037765503
-0.073226697742939
-0.2292660027742386
-0.0375933013856411
0.4683060050010681
-0.02158460021018982
-0.025750599801540375
-0.016763100400567055
-0.4119090139865875
0.5437210202217102
0.03371810168027878
-0.7135270237922668
0.045553598552942276
0.009108619764447212
-0.018794499337673187
0.21329599618911743
0.046822600066661835
-0.04089359939098358
-0.6911360025405884
0.23645099997520447
0.7133240103721619
-0.29701200127601624
-0.4549829959869385
0.5408340096473694
-0.0074197398498654366
0.4241189956665039
-0.03110080026090145
0.020992400124669075
0.3952780067920685
0.3438670039176941
0.309594988822937
0.03331030160188675
0.4027070105075836
0.03439610078930855
0.03637610003352165
0.04875490069389343
0.3436489999294281
-0.014381599612534046
-0.028561100363731384
-0.33682000637054443
0.259988009929657
0.0823448970913887
-0.46275201439857483
-1.194100022315979
0.3482150137424469
-0.030750900506973267
0.4029119908809662
-0.018103700131177902
-0.01902100071310997
0.0057026599533855915
0.18436199426651
0.3671579957008362
0.013468700461089611
0.0033614900894463062
-0.15324099361896515
0.004315800033509731
0.01925799995660782
-0.05118190124630928
-0.005765730049461126
-0.02916960045695305
-0.03318500146269798
-0.006608210038393736
-0.0336604006588459
-0.029781699180603027
0.005328009836375713
0.04406009986996651
0.03135930001735687
-0.04086029902100563
-0.00022199300292413682
-0.0019672398921102285
-0.03551140055060387
-0.01923849992454052
-0.05035899952054024
0.004845580086112022
0.003986809868365526
-0.0070429397746920586
-0.04043480008840561
-0.030847100540995598
-0.035169001668691635
-0.04099079966545105
0.015339599922299385
0.05911559984087944
-0.07883570343255997
-0.1747409999370575
0.16844399273395538
0.07647590339183807
0.4191179871559143
-0.0017149499617516994
-0.10386700183153152
0.045834798365831375
-0.00301217008382082
-0.09571360051631927
0.4638960063457489
0.040098901838064194
-0.005095120053738356
0.4201360046863556
0.05081510171294212
0.03654659911990166
0.003680790076032281
-0.009834379889070988
0.003104180097579956
-0.029019899666309357
-0.006780129857361317
-0.0253152996301651
-0.035849299281835556
-0.038100700825452805
-0.018544599413871765
0.005866100080311298
0.008239829912781715
-0.04000239819288254
-0.019251300022006035
-0.007970700040459633
-0.009188310243189335
-0.046598900109529495
0.004582840017974377
-0.03674029931426048
-0.01582220010459423
0.0
0.007250709924846888
0.04169119894504547
0.18474499881267548
0.04011809825897217
-0.03161650151014328
0.06533540040254593
0.2008650004863739
-0.05532209947705269
-0.13720600306987762
-0.09154020249843597
0.084682397544384
-0.04376620054244995
0.4866720139980316
-0.009596689604222775
0.016606900840997696
0.008797160349786282
0.15220800042152405
0.5259100198745728
-0.010493200272321701
-0.24257999658584595
0.0071953400038182735
-0.3125019967556
-0.049718599766492844
0.11801599711179733
-0.03322929888963699
-0.16415099799633026
0.052237801253795624
0.04193510115146637
0.07358569651842117
-0.05749630182981491
-0.031501900404691696
0.014794399961829185
-0.03372490033507347
-0.18149100244045258
0.0030823899433016777
-0.14364999532699585
-0.7150639891624451
-0.029047999531030655
0.07262539863586426
0.039196599274873734
-0.07553029805421829
0.022096699103713036
-0.47122299671173096
0.005651290062814951
-0.03986639901995659
-0.3712179958820343
-0.30562299489974976
-0.3103660047054291
0.12440799921751022
-0.36616000533103943
0.04375329986214638
0.36093300580978394
-0.011717299930751324
-0.04165079817175865
-0.11569900065660477
0.17486600577831268
0.06564100086688995
-0.40476199984550476
-0.010764800012111664
-0.09854429960250854
-0.04831229895353317
-0.0462924987077713
-0.012590699829161167
-0.24264000356197357
0.012808799743652344
0.03980249911546707
-0.05377680063247681
0.32756200432777405
0.008129949681460857
0.32185500860214233
0.00788160040974617
-0.19795599579811096
0.07011470198631287
0.03935699909925461
0.0304298996925354
-0.3268139958381653
0.12508299946784973
-0.49643900990486145
-0.6424109935760498
-0.02073179930448532
-0.16256499290466309
0.024422699585556984
-0.11541199684143066
0.01705010049045086
-0.04992320016026497
0.02391589991748333
0.02430650033056736
-0.23501400649547577
-0.37234899401664734
-0.11699800193309784
-0.3515920042991638
-0.15386299788951874
0.14819300174713135
0.31286999583244324
0.004322099965065718
-0.030391700565814972
-0.2544170022010803
-0.2278909981250763
0.012923900038003922
-0.16749000549316406
-0.027352800592780113
-0.11156599968671799
-0.04329710081219673
-0.2985779941082001
-0.009664859622716904
-0.1532599925994873
0.03971000015735626
-0.14288699626922607
0.05325169861316681
0.1538420021533966
0.05083490163087845
0.2981950044631958
-0.21642400324344635
-0.12401299923658371
0.04487859830260277
0.014980300329625607
-0.02868489921092987
-0.5906969904899597
0.004640830215066671
-0.3160879909992218
-0.6368910074234009
0.037675898522138596
-0.08567419648170471
-0.04676559939980507
0.07131720334291458
0.02361379936337471
-0.0804247036576271
-0.05114069953560829
-0.02365420013666153
-0.2724570035934448
-0.640205979347229
-0.26774901151657104
-0.15448400378227234
0.1657319962978363
0.12328699976205826
0.0363926999270916
-0.015062900260090828
0.003353470005095005
0.010617399588227272
0.18138399720191956
-0.08906389772891998
0.1145389974117279
0.003991010133177042
-0.16806399822235107
-0.04181639850139618
-0.059340398758649826
0.004252019803971052
-0.11611100286245346
0.026260200887918472
-0.021726099774241447
-0.3843179941177368
-0.06346909701824188
-0.027941200882196426
0.12565499544143677
-0.18957699835300446
0.179189994931221
-0.052105799317359924
0.01793060079216957
-0.028088700026273727
-0.3950130045413971
-0.7709800004959106
-0.03167470172047615
-0.4329789876937866
0.03866000100970268
0.1845110058784485
-0.03804910182952881
-0.17152699828147888
0.06475879997015
-0.07064370065927505
0.04538720101118088
0.0638481006026268
-0.372871994972229
-0.22512300312519073
-0.1278430074453354
-0.08098819851875305
-0.2481289952993393
0.03251169994473457
0.4396989941596985
0.018925100564956665
0.033013198524713516
-0.16255199909210205
-0.17884700000286102
-0.10611200332641602
-0.09226489812135696
-0.005557130090892315
-0.2648859918117523
-0.04654010012745857
-0.2747209966182709
-0.043937798589468
-0.14878299832344055
-0.004626510199159384
-0.10971199721097946
-0.4778909981250763
-0.011539500206708908
-0.10011500120162964
0.34446001052856445
-0.4746670126914978
0.0006192959845066071
0.535290002822876
-0.004867520183324814
-0.022120200097560883
-0.17021800577640533
-0.1568489968776703
-0.10165300220251083
-0.48903900384902954
-0.011757000349462032
-0.4190270006656647
0.04838389903306961
-0.23833699524402618
-0.013450699858367443
0
1
