2
1
2
25
25
ReLU
ReLU
Affine
-0.24300581216812134
-0.18771302700042725
-0.004186241887509823
-0.263502299785614
-0.3036918342113495
-0.005461129359900951
0.14822764694690704
-0.3547264039516449
-0.009485767222940922
-0.32725778222084045
0.23397000133991241
-0.005652981344610453
-0.034663934260606766
-0.1929771453142166
-0.0024129303637892008
0.375911682844162
0.46209490299224854
-0.0052852327935397625
0.722905158996582
0.6935185194015503
0.0029061518143862486
0.03561423346400261
0.26641932129859924
-0.004540702793747187
-0.12026391923427582
0.21469742059707642
-0.001972662517800927
-0.1687180995941162
-0.30651193857192993
-0.006734553258866072
-0.4347195625305176
-0.1838221549987793
-0.003729649819433689
-0.13991181552410126
-0.16938765347003937
-0.0055869026109576225
-0.4063926637172699
0.06983334571123123
-0.004451902117580175
0.2794091999530792
-0.20359613001346588
-0.008424396626651287
-0.4047488570213318
-0.4368430972099304
-0.003190237795934081
-0.3481658697128296
-0.5801506638526917
0.005506468005478382
0.07824328541755676
-0.3454468846321106
-0.007011025212705135
-0.36376315355300903
-0.39287278056144714
-0.005595024675130844
0.6568789482116699
0.1893717348575592
0.003708240808919072
-0.18364927172660828
0.1544008105993271
-0.004185746889561415
-0.31043538451194763
-0.13218340277671814
0.005266065243631601
-0.07591797411441803
-0.43100300431251526
-0.006349269300699234
0.42164167761802673
-0.02559726871550083
-0.009366881102323532
-0.5129584670066833
-0.6785274744033813
0.005121972411870956
-0.08457779139280319
0.1504315435886383
-0.006102205719798803
0.06736352294683456
-0.054221928119659424
0.14573892951011658
0.21674804389476776
0.22926370799541473
-0.11144064366817474
0.5649628639221191
-0.051181092858314514
-0.02968372404575348
0.10144409537315369
0.2350005805492401
-0.33200395107269287
0.13734889030456543
0.1691494733095169
0.3210026025772095
0.15800847113132477
-0.18926465511322021
-0.31402209401130676
0.03552623093128204
-0.04112498462200165
-0.21540647745132446
0.24437269568443298
-0.2663676142692566
0.13420328497886658
-0.005691071506589651
0.0036837465595453978
0.29357999563217163
0.33571499586105347
-0.29688411951065063
-0.023120252415537834
-0.272238552570343
0.12862083315849304
0.12963074445724487
-0.15199029445648193
-0.3358435034751892
-0.17085306346416473
0.2123493105173111
-0.3333556354045868
0.17563697695732117
0.05524495244026184
-0.15492576360702515
-0.25028112530708313
0.172588050365448
-0.20333635807037354
0.04692947864532471
-0.12291502207517624
0.10916944593191147
-0.005233943462371826
-0.27182668447494507
-0.07113413512706757
-0.19691132009029388
-0.005160766653716564
0.020197533071041107
0.21657449007034302
-0.2312978208065033
0.08048371225595474
0.16009515523910522
-0.10221123695373535
0.17048728466033936
0.060404516756534576
-0.20372140407562256
-0.04220578074455261
-0.06663446873426437
0.02040410041809082
-0.0822204127907753
0.2664836645126343
0.19941192865371704
-0.18592336773872375
-0.2360265552997589
0.11597788333892822
-0.19458621740341187
0.07056742161512375
0.04572655260562897
-0.29012587666511536
-0.0021744370460510254
0.3255244493484497
0.31872159242630005
-0.0037454545963555574
0.0822366252541542
-0.30303439497947693
-0.06345279514789581
0.13501529395580292
-0.018305879086256027
0.2800985276699066
-0.3521820902824402
-0.06257985532283783
-0.05898403003811836
-0.32436004281044006
0.32003360986709595
-0.3079397678375244
0.07804777473211288
-0.027486398816108704
-0.3230835497379303
0.1468046009540558
-0.26047971844673157
-0.11922310292720795
-0.07806205749511719
-0.25979098677635193
0.056294139474630356
-0.15848544239997864
-0.31255748867988586
0.335528701543808
-0.27883341908454895
0.005103661213070154
0.3068193197250366
-0.0036929412744939327
-0.12623892724514008
-0.13524366915225983
-0.23072369396686554
-0.1982974112033844
0.5192165970802307
0.13625271618366241
0.306863933801651
0.19325578212738037
-0.2860357463359833
-0.24670737981796265
0.05676054209470749
-0.0014661982422694564
-0.12379417568445206
0.2985445261001587
0.27576956152915955
-0.05369371548295021
0.417138010263443
0.05099668353796005
0.10534576326608658
0.2537163197994232
0.1577196717262268
-0.41832947731018066
0.1276525855064392
0.0030600172467529774
-0.343962162733078
-0.0013107919367030263
0.3271099925041199
0.23731040954589844
0.13850277662277222
-0.19803455471992493
0.26636970043182373
-0.135825052857399
-0.09830959141254425
0.08030092716217041
0.14046606421470642
0.1655072569847107
-0.2044844627380371
-0.08248832821846008
0.02231997437775135
0.0060589429922401905
0.09334240108728409
0.22577111423015594
0.011900115758180618
-0.32692503929138184
-0.13444438576698303
0.32170507311820984
0.011875837109982967
-0.09271922707557678
0.14908191561698914
-0.005517643876373768
-0.2835845351219177
-0.2371118813753128
-0.000791368365753442
-0.2036258429288864
0.26582953333854675
-0.25922709703445435
-0.019917739555239677
0.3082212209701538
0.19844847917556763
-0.02682945504784584
0.02838134765625
0.07485423982143402
0.060138702392578125
0.1368471384048462
-0.18068827688694
0.31956028938293457
-0.2926003932952881
0.017863363027572632
-0.24776843190193176
-0.13139605522155762
-0.1398600935935974
-0.16778016090393066
0.2981261610984802
-0.2735545039176941
0.13747546076774597
-0.0037817307747900486
-0.07720854133367538
-0.3384552597999573
-0.22595666348934174
0.14351430535316467
-0.03736889734864235
0.09296222776174545
0.34078356623649597
0.02502833865582943
0.17648668587207794
0.24141347408294678
0.2663000822067261
-0.2720606029033661
-0.30388781428337097
0.28128698468208313
0.33852481842041016
0.2771257758140564
-0.22798173129558563
0.20975184440612793
-0.27247685194015503
0.25465449690818787
-0.09201205521821976
0.20716722309589386
-0.02951730415225029
0.0636245384812355
0.28117504715919495
-0.00579586997628212
0.11760960519313812
-0.26043638586997986
0.3130016326904297
0.18747299909591675
-0.12190855294466019
0.23744231462478638
-0.42516735196113586
-0.11878153681755066
-0.1564185470342636
0.2269790768623352
0.28689369559288025
0.2848079800605774
-0.03481592983007431
-0.12447050958871841
-0.3256566524505615
0.20171566307544708
-0.14285241067409515
-0.161767840385437
-0.11876333504915237
-0.10246782004833221
0.22981111705303192
0.018652500584721565
-0.20637032389640808
0.14530399441719055
-0.30397510528564453
0.006480307783931494
0.14988809823989868
-0.12266086041927338
0.21421760320663452
0.3155367374420166
-0.3033794164657593
0.13623356819152832
-0.2287164181470871
-0.08665754646062851
-0.020012859255075455
-0.12250204384326935
0.32934436202049255
0.31797659397125244
-0.10740426927804947
-0.15263712406158447
-0.08449084311723709
-0.27235147356987
0.10682335495948792
-0.23104071617126465
-0.2978695034980774
-0.17957846820354462
0.24528294801712036
-0.02061709761619568
-0.01624193787574768
0.14055578410625458
0.19334053993225098
-0.0069611771032214165
0.1669776439666748
-0.06614889204502106
0.1813328117132187
-0.20182181894779205
-0.005077166948467493
-0.0644712895154953
-0.3127132058143616
0.05211320519447327
-0.19533444941043854
0.30837175250053406
0.31486329436302185
-0.16647601127624512
0.08478406071662903
0.033387865871191025
-0.09701943397521973
0.16259771585464478
-0.18307238817214966
0.22876474261283875
0.1584310531616211
0.14073392748832703
-0.13828685879707336
-0.2973032593727112
0.11204048991203308
0.34401851892471313
-0.17949055135250092
-0.006407550070434809
0.34477734565734863
0.021789640188217163
-0.06910309940576553
0.2215939313173294
0.35295945405960083
-0.3443721532821655
-0.17795847356319427
-0.13640707731246948
-0.01191615965217352
-0.011540472507476807
-0.2714696526527405
0.035558074712753296
-0.28605571389198303
-0.3398016095161438
-0.033411696553230286
0.017459087073802948
-0.11872220039367676
0.19611388444900513
-0.13308663666248322
0.312448114156723
-0.3493919372558594
-0.07926871627569199
-0.026745280250906944
0.3207821846008301
0.315045565366745
0.0006026999326422811
0.23845022916793823
0.07345458120107651
0.07716786116361618
0.09820248931646347
-0.208196222782135
-0.1421070396900177
0.05101696774363518
-0.08046769350767136
0.20787471532821655
0.263613760471344
-0.004893447272479534
0.04993516206741333
0.05207723006606102
0.00990779884159565
0.1813565492630005
-0.19815689325332642
-0.13176962733268738
0.13223806023597717
0.22871717810630798
0.17220772802829742
0.02832266315817833
0.1846962720155716
-0.14745855331420898
0.0015151923289522529
0.24030135571956635
-0.0056262388825416565
-0.21038371324539185
-0.3331063687801361
0.05829334259033203
-0.11247555911540985
-0.3903123438358307
0.2401750236749649
0.31533291935920715
0.3159126937389374
0.21842406690120697
0.11105941981077194
0.00419282540678978
-0.10125057399272919
-0.0411788709461689
-0.18811364471912384
-0.3242812752723694
-0.03926493972539902
0.18926167488098145
-0.12291118502616882
0.15374693274497986
0.02807794325053692
-0.14634618163108826
-0.08131730556488037
-0.004974569194018841
-0.039532314985990524
0.2456785887479782
-0.005891088396310806
0.14025333523750305
0.006678760051727295
-0.3007369637489319
-0.07440438866615295
-0.33066409826278687
-0.06600010395050049
0.011656366288661957
0.24954193830490112
-0.2203500121831894
-0.31518280506134033
-0.1402820199728012
-0.2734098732471466
-0.2129131555557251
-0.3077346980571747
-0.13274218142032623
0.1509179025888443
0.319912314414978
0.04984086751937866
0.2749248147010803
0.3244762420654297
-0.28636783361434937
-0.2680566608905792
0.045998770743608475
-0.27471935749053955
-0.3243475556373596
0.0018919851863756776
-0.3446613848209381
-0.2816947102546692
0.1604534387588501
-0.2912496328353882
-0.30501532554626465
0.21992677450180054
0.0017707347869873047
0.005627483129501343
-0.1546274721622467
0.06853359937667847
-0.13515517115592957
0.026624560356140137
0.18983477354049683
-0.2214570790529251
-0.14441150426864624
0.0632806122303009
-0.056491315364837646
0.30135244131088257
-0.23289859294891357
-0.21103793382644653
0.01557767391204834
-0.07385584712028503
0.31682074069976807
-0.3328493535518646
-0.10461010038852692
0.0
0.26428645849227905
0.11103391647338867
-0.2812478840351105
0.2028198093175888
0.09486937522888184
0.00014523004938382655
0.17683003842830658
-0.19715456664562225
0.17583231627941132
0.14676335453987122
-0.26660504937171936
-0.2155308723449707
-0.2341863512992859
0.12648281455039978
0.022805333137512207
-0.34280672669410706
-0.1423826664686203
-0.1153622418642044
-0.2990370988845825
0.24349692463874817
-0.062347620725631714
0.04659035801887512
-0.08648386597633362
0.21312302350997925
0.23544834554195404
-0.003957484848797321
-0.13509239256381989
-0.09735450893640518
0.06823475658893585
-0.22580960392951965
-0.17998071014881134
0.15446597337722778
-0.16209082305431366
0.17372268438339233
-0.2722522020339966
-0.00504367146641016
0.14097318053245544
-0.21481125056743622
-0.14894606173038483
0.2799058258533478
-0.32027721405029297
0.00830772053450346
-0.20118345320224762
-0.19567646086215973
-0.05818810313940048
-0.2929018437862396
-0.11850573122501373
0.14796124398708344
-0.04694215953350067
0.23116007447242737
-0.20025722682476044
-0.005355621222406626
0.3044760227203369
-0.3041060268878937
0.17793676257133484
-0.19358280301094055
0.19373716413974762
0.24928537011146545
0.5210331082344055
0.14052174985408783
0.12244981527328491
0.08575327694416046
0.1388842612504959
-0.3050997257232666
0.2535313069820404
-0.14708639681339264
0.020533140748739243
-0.027301065623760223
-0.10951913148164749
-0.24077032506465912
0.28567320108413696
0.014644782990217209
0.13864415884017944
0.19051630795001984
0.009319729171693325
-0.39406681060791016
-0.3236662447452545
0.0036624360363930464
0.3351133465766907
-0.31478577852249146
0.21450591087341309
0.22260408103466034
0.14512145519256592
-0.3351936936378479
-0.1935490369796753
0.24852408468723297
0.23520085215568542
-0.11799010634422302
-0.22525642812252045
-0.2693023085594177
0.09369111806154251
-0.23060911893844604
0.31694263219833374
0.23137348890304565
0.1850358247756958
-0.048519521951675415
-0.24656511843204498
-0.14619335532188416
-0.2641944885253906
0.02569270133972168
-0.16507188975811005
-0.2516435384750366
0.3150595724582672
-0.004659841302782297
-0.10568663477897644
0.0019961469806730747
0.2389455884695053
0.12868380546569824
-0.01617516577243805
-0.011201980523765087
0.099513478577137
0.01288742944598198
0.19420111179351807
0.1472572386264801
-0.11491187661886215
-0.08230244368314743
-0.06727273017168045
-0.06583535671234131
-0.2356669157743454
-0.1812908947467804
0.12942831218242645
-0.14550231397151947
-0.1981537789106369
0.18831434845924377
-0.3290262520313263
-0.05185062065720558
0.2070559412240982
-0.18633945286273956
0.252370148897171
-0.005625972058624029
0.08708412200212479
0.028972625732421875
-0.32330819964408875
-0.19755177199840546
0.14713263511657715
-0.24031256139278412
-0.3977019488811493
0.07246722280979156
0.2931431531906128
0.2782520055770874
0.3428255617618561
-0.17500217258930206
0.14072446525096893
0.1756865680217743
0.06978566199541092
0.11654312163591385
0.08413790911436081
0.16877150535583496
-0.38219135999679565
-0.1669405698776245
0.01644512452185154
0.1835038661956787
-0.10727746039628983
0.36223259568214417
0.3266253173351288
0.010474476031959057
0.24511772394180298
0.04184012487530708
-0.3165600597858429
0.1961425393819809
0.17454902827739716
0.0033701416105031967
0.03892601653933525
-0.33624598383903503
0.017573971301317215
0.03453190624713898
-0.002782158087939024
-0.005528817884624004
-0.1525856852531433
0.31460776925086975
-0.2921629250049591
0.22328869998455048
0.11153292655944824
-0.2772828936576843
-0.1008915975689888
0.028717145323753357
0.2598477005958557
-0.032829299569129944
0.2754855751991272
-0.28317081928253174
-0.042837727814912796
-0.007330149412155151
0.30642902851104736
0.2636456787586212
0.07507145404815674
0.07706499844789505
-0.1462608277797699
0.15628479421138763
0.3186490535736084
-0.16473911702632904
-0.1543857306241989
-0.028041018173098564
0.010720768012106419
0.31344762444496155
-0.2543293535709381
0.33175355195999146
-0.09755515307188034
-0.2080509513616562
0.027626952156424522
-0.2811836302280426
0.2600513696670532
-0.12077650427818298
0.20447295904159546
-0.3115691542625427
-0.11741961538791656
0.07141375541687012
0.18977859616279602
0.001972435275092721
-0.34193408489227295
-0.2069973647594452
0.0786452516913414
-0.01668943278491497
0.048451583832502365
-0.06683595478534698
-0.4960379898548126
-0.02675425447523594
0.07013074308633804
-0.15788407623767853
0.13860733807086945
-0.15235507488250732
-0.06848455220460892
-0.11083721369504929
0.3390854597091675
0.2767360806465149
-0.29965534806251526
0.22393661737442017
0.2009221613407135
-0.04977665841579437
0.1721499115228653
0.07136353105306625
-0.2451734095811844
0.19799679517745972
-0.30191630125045776
0.002081742510199547
-0.39757031202316284
-0.47563108801841736
-0.13952702283859253
0.3220210671424866
-0.2536236643791199
0.3206326961517334
0.013880598358809948
-0.1268138289451599
0.4311806857585907
-0.3347164988517761
0.09568031132221222
0.00016407264047302306
0.4584515392780304
-0.0179312601685524
-0.0047329263761639595
-0.30082955956459045
-0.16589806973934174
0.32843640446662903
-0.36318543553352356
-0.33401766419410706
0.45241791009902954
0.3428646922111511
0.052813153713941574
-0.12741225957870483
0.40624240040779114
-0.004900484811514616
0
1
