6
3
3
20
20
3
tanh
tanh
sigmoid
Affine
1.0148417
0.028310463
1.4405061
0.30578002
0.02297378
0.57815593
-0.11613705
0.96312207
0.977091
-0.718816
0.3043117
0.31159154
-0.18019098
0.0005726873
-1.0934037
0.603069
0.64838535
-0.33540058
0.17015679
0.15531664
0.10777765
1.0158004
0.033252273
-1.5919522
0.30470592
0.048352703
-0.47688127
0.069590956
-0.26534027
-1.1774769
1.1286759
-0.07511013
-0.36885738
0.40867865
-0.03462657
0.33092403
-1.4644542
-0.8913932
0.06946056
-0.4439931
-0.32080397
-0.0509887
0.9314455
-0.25048167
-1.1864799
0.294838
-0.10278504
-0.47722235
0.038361985
0.38563693
-0.33324385
1.6159828
0.112914935
-0.11118045
0.55362856
-0.26762748
0.08006326
0.3820454
1.690841
0.013552378
0.09634232
0.37881202
-0.09628881
-0.85500133
0.1764717
-1.7064068
-0.27518734
0.07139917
-0.44585496
0.19319722
1.7877879
0.19898212
0.30439138
0.55083984
0.065735616
0.06461997
-0.11121633
-0.07465246
1.3997097
0.12495165
-0.04434417
0.4467215
-0.097546004
0.045946002
-0.84441036
-0.9866024
-1.0231999
-0.26856172
-0.30867094
-0.33394364
0.11367007
0.12383733
0.04314186
-2.494817
0.033633016
0.0129654305
-0.7989237
0.17560716
1.4885255
-0.701026
0.3449839
0.44671834
-0.2069092
0.15135202
-0.07849759
-0.3184546
-1.2623147
0.32826445
-0.14446414
-0.36221093
0.13154373
0.0029341169
-0.16181067
-0.21984115
2.2103531
-0.055712525
-0.074372984
0.815672
-0.13474499
-0.22086024
1.684647
-0.6887779
-0.032429907
0.5148392
-0.06826563
0.08749162
-1.395429
-0.21134354
1.0168917
-0.43170887
-0.06014427
0.31919912
-0.015273634
-0.095985234
-1.1807629
-1.1758817
-0.05077063
-0.35565922
-0.44012007
0.07067336
-0.72026443
0.77736825
0.0369785
0.5627066
-0.2430904
-0.00653854
0.30164862
-1.4205753
-0.6048173
0.9438648
0.08624184
-0.08078844
0.5690455
3.0145001
-0.021268854
-0.19232695
-1.872153
-0.11019657
-0.6220511
0.7578392
0.051109243
-1.2626094
0.23426424
-0.7564803
0.89011645
-0.3428745
0.6064741
0.42460018
-0.96601564
-0.9954955
1.2161472
0.14077084
0.2900543
0.6586651
3.580067
-0.28789014
-0.6751434
-1.7132488
0.71476793
-0.704666
1.2315966
0.15254618
0.54362136
-1.4040118
-0.9410922
0.09955206
0.72347987
1.0357081
0.38605994
0.39626044
-0.23575991
-0.08181624
-0.1946225
-1.9458326
1.3664366
0.11453924
0.71066684
1.3818337
0.4594777
-1.5339031
0.23107022
1.5298182
-0.05147318
0.8072467
-0.23490669
0.06715713
-0.660811
0.52145
0.08376404
-0.9287759
0.8963123
1.3460141
-1.0638252
0.45535737
0.03928634
-0.27952936
-3.6830137
-0.15952317
0.3635642
2.4134502
-0.018419854
0.45942986
-0.82026595
-0.0979675
0.97566825
-0.680482
0.23862669
-0.9527949
1.0640829
-0.49085185
-0.9495747
1.1058478
1.2399269
-1.2795912
0.17176086
-0.13738424
-1.0182104
-3.1760314
0.03101254
0.36310998
1.9039565
-0.37501854
0.4901726
-1.157581
-0.124420986
1.0257406
0.72161
-1.1356366
1.2025042
0.081252985
0.5520077
1.0768833
0.9642583
0.37348944
-0.6697802
2.3903613
0.33661422
-0.24495374
-0.09274469
1.2718347
-0.5445644
-0.25391543
-0.4127543
-1.6586759
-0.5867203
-0.042127013
-1.6728716
-0.66384196
0.9414489
-0.8133597
0.22313829
-0.0732236
-0.6394195
-0.254865
-0.08333665
0.9354246
-2.8710077
0.21871336
0.95353174
-0.43271458
-1.7203274
0.3760577
0.44777298
0.47265428
1.5517106
-0.11426488
0.119307935
1.2484837
0.5553435
-1.4588523
1.3860755
-0.053345487
0.31884417
0.9123199
0.12378736
0.0727206
-1.2038854
2.948996
-0.004315686
-0.7139802
-0.065085486
1.3623513
-0.58615714
-0.067734055
-0.22841135
-1.4287314
-0.14803818
-0.083577454
0.843745
-0.51812893
0.1611692
-1.2620821
0.98066586
-0.17926797
-1.1464242
1.6484267
1.5251433
-1.1704508
0.65468097
0.33063933
-0.6465118
-3.6933892
0.0055829696
0.24057959
2.1137323
-0.29300147
0.5456209
-0.8488713
-0.095361374
1.0509793
-0.79365885
0.12577398
-1.3093174
0.56330156
-0.21626985
-0.9178044
1.0062319
1.1922474
-1.234279
0.40590024
-0.01835235
-0.93796945
-3.3321095
0.23025763
0.35396647
1.8814235
-0.4002499
0.7695031
-1.1427482
-0.1169767
-0.05130245
-1.2345936
-1.0180721
0.084014416
1.415334
1.5655395
0.63897115
0.027835846
-0.4072994
-0.44654003
-0.2869663
-1.9975796
0.66659856
-0.009570577
0.5365401
1.2678281
0.3131421
-1.6080594
0.5230377
1.2528888
-0.0671039
-1.0299995
0.4833042
-0.17263228
0.68271846
-0.8011452
0.3907415
1.0413554
-1.4011434
-1.3000779
0.83635736
-0.09105327
-0.009713737
0.4420539
4.2890663
-0.1609291
-0.3932248
-2.0288324
0.35752252
-0.29487523
1.2327111
0.12701878
-0.013497328
0.57250494
0.62617415
0.18038277
-1.2511436
-1.5249465
-0.57025427
-0.5921553
0.85557896
0.48086196
0.0054043145
1.3747925
-1.4571561
0.22512875
-0.29168987
-1.6147282
-0.30935472
1.775784
-0.10267557
-1.2285317
0.016898444
0.1673043
-0.4265766
-0.68959814
-0.09527556
0.8626038
0.6791133
0.42413917
0.56080467
-0.31802848
-0.17798188
-0.20792434
-1.5576814
0.6695489
0.10926462
-0.11063526
1.3506975
0.13418907
-1.7985693
0.08683195
1.2496039
-0.019925453
0.20560259
-0.81440216
-0.5751058
-0.022259938
1.6297799
1.5489695
0.5828258
0.018816188
-0.4122877
-0.3638045
-0.23169589
-1.8549436
1.1310474
-0.08544365
0.65822476
1.6168387
0.2344669
-1.9651302
0.2199343
1.4679933
-0.08920097
1.3695743
0.88919425
-0.8511746
0.8749416
0.035269495
0.60818213
0.8513364
0.40061015
-0.054139942
-1.1791527
2.9343972
0.13101456
-0.78800094
0.071018696
1.4078128
-0.5579937
-0.39655507
-0.19796437
-1.4165449
0.17902538
-0.07782402
0.52321315
-1.0521369
-0.61205894
0.17036745
1.2640407
1.4508401
0.21076192
0.3109251
-0.30543435
0.06842471
-0.28138137
-2.0027573
1.1880006
-0.37868458
0.5217346
1.2868006
-0.061136857
-2.1844497
-0.004746311
1.6393629
-0.050332922
0.9365723
0.17127663
-0.9472854
1.2265098
-0.34363222
0.6580195
0.7522566
0.6510017
0.09564461
-0.7512797
3.0839512
0.14661863
-0.49864513
0.18027064
1.5614381
-0.2745952
0.020094328
0.12104928
-1.3182064
-0.36272627
-0.067728505
1.0775874
1.1497074
-1.2919683
0.741928
0.033513345
0.016469125
1.1354774
0.6070399
0.2595279
-0.83228594
2.7569377
-0.24315776
-1.1144153
0.16741994
1.2729249
-0.29550958
-0.2866778
-0.6244156
-1.8494517
0.033814836
-0.068525255
0.39860955
-1.0114174
-0.87158644
-0.097872674
0.92657274
1.7187518
-0.06794882
0.59209144
-0.35445496
-0.23337455
-0.21194702
-1.7790169
1.3925871
0.11065893
0.55356616
0.94866073
0.13736169
-2.1690776
0.30935293
1.4081188
0.009782971
-0.87645394
-0.11091463
0.028950218
-0.76447886
-0.24928536
-8.374237
7.6966543
-9.407601
-0.1907679
0.32758886
-0.17602953
0.6212132
-0.28464553
-0.7099252
-0.15501255
-8.1571
0.8501468
-9.110883
-7.55224
0.14497599
0.075036876
-0.64217573
0.6222581
-8.124309
0.65705854
-0.16788128
0.264451
-0.19296145
-0.057865053
0.5848488
-0.27707854
-7.941197
0.47491202
8.0680485
-6.2989926
-8.890317
-0.011107214
-9.610867
0.46435457
-0.9553672
-8.037668
0.054746103
5.33229
8.04977
-0.19862157
-8.546747
-8.7837105
-0.6646214
-0.6666142
-0.4596099
-8.444942
-8.673934
0.6648901
8.716446
0.21893579
-0.3322958
0.45329484
0.49976826
0.038727634
-0.2532684
-0.49470222
-0.25670883
0.1411699
0.2
0.0
0.0
-0.1
0.0
0.2
0.0
-0.1
0.0
0.0
4.0
7.81
0
1
