6
1
4
5
20
20
20
Affine
tanh
tanh
tanh
Affine
1
0
0
0
0
0
0
0
1
0
0
0
0
0
0
0
0
0
0
1
0
0
0
1
-1
0
0
0
0
0
0
0
1
-1
0
0.0131882894912
0.000615453509584
0.0135175754934
8.22541564649e-05
-0.0182950434834
-6.57880654507
0.0304427866966
0.00142066337691
0.0409161006242
-0.000324969374323
0.0297593323273
0.0985579455989
0.0761662587479
0.00355442540829
-0.162194539081
0.000144133232965
0.0261585861473
-1.19127186561
0.0157840978393
0.000736591231558
0.0646650351208
-0.0222279126523
-0.623538175134
-0.265700079009
-0.161494721176
-0.00753642032178
0.311318730389
-0.000131009803017
0.0228745757193
-3.95097142934
-0.166528615929
-0.00777133540952
0.254071568051
-3.33208703784e-05
-0.0106910925631
-2.50036755606
0.130581058149
0.00609378271352
0.187495660159
-0.0952519237529
-0.0112067975125
-4.49078400038
-0.00113918532191
-5.31619805355e-05
-0.00969464484885
-7.9243243548e-05
-0.0526151524461
3.70274261257
0.0245581557457
0.00114604726643
-0.000619562662622
-3.98314158471e-05
-0.0285256982139
0.872311957911
0.0354555357472
0.00165459166788
-0.0146320826638
0.000157448481313
-0.00559442067386
-2.72402711425
0.00564916635965
0.000263627763702
-0.0337415244647
-4.32253136925e-05
-0.032462268003
2.90978356024
-0.0852588704354
-0.00397874728697
0.0113692427469
0.000520457242009
-0.13907977812
4.2853469833
-0.42218899631
-0.0197021531614
0.464843405103
0.000100400554723
0.0105162098848
-1.13400782757
0.115120824894
0.00537230516175
-0.201307584706
5.39835267064e-06
0.00456078135277
3.4594749423
0.0221334047173
0.00103289222022
-0.0518116298173
0.000100128928198
0.0161038989644
-1.71508917008
0.127309742151
0.00594112130034
0.0702887198691
-7.73956769238e-06
0.00478882389445
-5.52256946492
0.00962032870895
0.000448948673413
0.187077397993
-0.103083760097
-0.327061148606
-0.774485253557
0.00272935931355
0.000127370101155
-0.0888392469197
-1.84408630101e-05
-0.00485361460692
3.55892295786
0.0858448048753
0.00400609089418
0.180203396943
-0.0527458488904
-0.0210068432243
-0.200879027569
-0.0108913406807
-0.00050826256511
0.0360096437899
0.00325466995865
0.0239110426594
5.92301814401
-0.512231294917
-0.0500666758948
0.239365989377
-0.499466200497
-0.275682762667
0.202783385467
0.35003778424
-0.0548748366168
-0.0300447515419
-0.0734992142121
-0.446344444151
-0.415207447155
0.26374897865
0.463015319433
0.460132389665
0.0195446084795
-0.39997902688
0.417955603509
0.516432253598
0.52442883135
1.65375167969
0.559730180103
-0.447208263372
-0.102234077053
0.447450603252
-0.29893682621
0.237215992259
0.283563003701
-0.030029779954
-0.331454561009
0.4638085138
-0.410362997657
0.0203489204693
0.259546380132
-0.24414637268
-0.606846673154
-0.261550844541
0.491581951465
-0.124524189767
-0.476805700492
-0.385839668225
-1.45492123943
-0.25222165466
0.47330676845
0.455156947386
-0.18792659229
0.115401058036
0.37157322046
-0.626902268063
0.26548457329
0.415121204617
-0.122666245914
-0.0757163787325
-0.0729064727979
-0.278042643211
0.190991992737
-0.549966971835
-0.123218623572
-0.00875390110861
-0.0334020129382
-0.635003204202
0.653289217662
1.31144423787
0.0471436844939
0.243072350396
-0.607209730603
0.463411003237
-0.449012196117
-0.428579795535
-0.177201250565
0.634009072572
0.163558733066
-0.497617699698
0.249009931685
-0.133241042096
-0.348333361143
0.457490032271
0.431400149711
0.235245442751
0.258730148475
-0.0528344453966
-0.0726230175385
0.330183403456
-1.11269350248
0.0853960678033
0.821209309282
0.0591769466155
-0.320729092296
0.161803618728
0.561507394732
-0.258638340305
0.830064174186
0.260591818747
0.0412032408132
-0.269779688441
0.0709781489959
-0.234778641861
0.454449722246
0.0126975653379
0.493500965685
-0.128580415873
-0.0926482813111
-0.307582357387
-0.335612847417
-0.916682443351
-0.196934508448
-0.429001453928
0.365833206498
-0.260495084148
-0.0529215405975
-0.313717488619
-0.0184046154821
0.507079439026
-0.533297816769
-0.3091287472
-0.304679684367
-0.0599480105481
0.566877145791
0.590377011371
0.142544710943
-0.467509662126
-0.474233588237
0.114095838806
-0.462587454048
0.231654326894
0.792865331561
-0.505962943632
-0.0938868525434
-0.27483179872
0.140154294413
0.546373856661
0.42205607854
-0.753499335821
0.506821441121
0.113990148509
-0.205116039537
-0.147239848846
-0.448465020222
0.280274829292
-0.121206229187
0.266637404113
-0.240650215317
-0.449661500581
-0.480114400118
0.067394283986
0.264445346768
0.598958075453
0.106165292026
0.624779774039
0.199662012254
0.474747428992
-0.52433566125
0.68220586199
-0.309051459509
-0.2483037754
-0.698427287691
-0.141394114564
0.0781229411939
-0.0456764565681
-0.00569318930539
-0.0882988557141
0.168348756788
-0.23956922509
-0.566388209756
-0.416966292129
-0.147264438356
-0.340271832091
-0.448628828659
0.317611503957
0.469693429404
-0.0738677915924
-0.024043620593
0.437687846326
0.598602525278
-0.0581812367044
-0.348574177302
0.260763969825
-0.482941088003
0.297346777831
0.271432267037
-0.0959784023042
-0.574676485268
-0.0960106936328
-0.668875659129
0.414858290724
-0.147969270937
0.533634409393
0.22264830041
-0.246468681578
0.576160612985
0.449555226645
0.500627424538
0.523751082008
-0.0254395753491
0.287486879682
-0.341842378235
-0.436735345325
0.516378663952
-0.167741617503
0.0854770350642
0.330049954513
0.354984119806
-0.375779144228
-0.142726765376
-0.488477915504
-0.323562104786
-0.278905187698
-0.405232148246
-0.0918297516294
-0.121884353986
0.546891313514
0.507213385996
0.386473986235
0.450697200943
0.165590566951
-0.156349568977
0.106533328931
0.357771088024
0.402444425183
0.409020866085
-0.372356155961
0.470265124806
-0.161642910197
-0.227269049411
-0.46904400783
-0.454302649011
0.160312676271
0.271213235608
-0.284510381863
0.39874850451
0.0636511067202
0.382905521099
-0.438061991523
0.224271159307
-0.203775569262
-0.00288254344384
-0.243690415349
-0.0602218097956
-0.291574911347
-0.358401534926
-0.598262000212
0.368098298082
-0.140671600282
-0.727394604046
0.701946983786
0.125391340662
-0.139255377303
0.49897163547
0.109602697894
0.214476628792
-0.144060691232
0.333063855539
-0.455929735154
0.119179975232
-0.159466603067
0.28005294492
0.232673167457
-0.302355181377
-0.646734660322
0.184181374969
0.362992372654
0.348868017192
-0.0877085149265
-0.219993317517
0.090679416257
0.587277575912
0.376204343871
0.503838084914
0.572345242417
-0.156561553741
0.123420304409
0.523516291241
-0.453823217461
0.0183315596308
-0.475567122593
0.334107867567
0.410696037717
0.519249019244
0.48652035734
0.396512250071
0.367271164612
-0.362286319276
0.401761072329
-0.474796575662
-0.131829088617
-0.209170862259
-0.131369987044
-0.505766974085
0.0742182841058
0.296809666184
0.46301616946
0.236708518644
-0.271347833995
0.60508528788
-0.0253580616758
0.455112443369
-0.0722933946207
-0.0729249583645
-0.449035123198
0.468393437024
-0.168543084123
-0.3675173557
-0.486201636303
-0.309675536799
-0.162169174237
-0.250776830909
0.346657143745
0.514913975824
0.0442977091957
-0.482890759842
-0.449314844696
-0.27704197642
0.503238751604
-0.492691245127
-0.788352761992
0.163545612593
-0.0961898225513
0.0706034231624
0.813984811414
0.217821290846
0.387304358161
0.102725468123
-0.421174403185
-0.129205424641
0.538192966864
-0.103162092427
-0.513522377589
-0.025941812527
0.130066155287
-0.580220441847
-0.480216423343
0.821314559998
0.437881177837
-0.0962124528514
-0.129332480005
0.962890803858
0.405262683834
-0.499184934287
-0.0250551435411
0.108535576716
0.618138671972
0.191682227431
0.0193135021261
-0.022898739532
-0.0296181403786
0.388877323368
0.0203346966519
0.035709312201
0.4384051709
-0.601516651806
0.523801461344
0.516193477398
0.0772767448409
-0.597898932381
-0.529962973898
-0.333951594687
1.04872473962
0.465648423891
0.497851358066
0.471587170479
0.474514579647
-0.23819427468
0.144627001522
-0.0210688458967
0.542883887575
-0.518664095264
0.571115288676
-0.307377107847
0.319183281878
0.128237974034
-0.0131047023131
0.00427957504947
0.278190737035
0.59798863527
0.40935017171
-0.318823939406
-0.140459813928
1.26819419517
0.308443603727
0.401025064165
0.514308954651
-0.55093179657
-0.434568167182
0.307539695645
0.525616018745
-0.19055570933
-0.459181743848
-0.469513615329
-0.109804707822
-0.0450380181419
0.584795000707
0.306873405804
0.0304559628306
0.296324237275
-0.416462209206
0.280339731172
0.400480261491
-0.032278223994
1.41367747724
-0.572265853369
0.516246933529
0.0692682868729
0.18293205209
-0.615183135293
0.503115869962
0.74661432071
-0.433641034082
-0.0097862093913
-0.183513218339
-0.14848555041
-0.209156293474
-0.36959870156
0.174236207976
0.26696627171
-0.607223432065
0.552797468304
0.177302546965
0.801006718618
0.176871993825
-1.63938601694
-0.514021058717
-0.331428096368
0.19099999798
-0.267006404779
-0.257370671096
-0.322699551778
-0.178057527911
-0.625735814282
-0.132184073258
0.443578922861
0.491191248077
-0.606364638153
-0.371000422655
0.021495021647
-0.0868944527019
-0.22153659387
-0.487060845496
0.386650343337
-0.267863073206
-0.320916976613
1.62175235706
-0.306023616228
0.36846807804
-0.316126601187
-0.268041701678
0.421856948091
0.201450848954
-0.0936531681221
0.610699963783
-0.42513514205
-0.494049311373
0.52394312505
-0.650566910111
0.116297542155
0.509592189997
-0.105686687144
-0.528023536534
0.120012747175
0.0756296566905
0.375634971026
-0.768659484643
1.45515665415
-0.573740793875
-0.26334613008
-0.238337740597
-0.0463112782866
-0.369996361767
0.384626572051
0.416000254329
0.5544859724
-0.0490014325179
0.272387312866
-0.384419680969
0.219466909974
0.152301742502
-0.271908042673
-0.292376207017
0.51519881658
0.558710855283
-0.378684972959
-0.588726538802
0.184158442877
1.253351579
-0.357791547489
-0.462271847742
-0.494275494214
-0.22197146217
-0.492656036368
-0.109932331655
-0.570319354291
0.387467985796
-0.255729311137
0.326522885998
0.316737277064
0.378026875537
0.263009835433
-0.280304002558
0.282167224313
-0.167519167767
-0.427886153162
-0.480133216742
-0.12620265567
-0.378533111069
1.09067585735
-0.532003499022
-0.384359161812
-0.0964597468479
0.34843379698
-0.496106794962
0.479171110132
-0.541219349704
0.174965238826
-0.236812123781
0.180988098531
-0.509802621455
-0.465088726046
0.05264087899
-0.118839344894
-0.287385991487
0.507138178342
0.404304824882
-0.163745004655
0.406529801832
0.0547237939956
0.932810475204
-0.600591106071
-0.408972426864
-0.37209543663
0.149815178378
0.191992546373
0.0282811143453
-0.635313396854
0.300496180832
0.11789814877
0.175535047334
0.116201862472
-0.0119371583122
-0.04199347447
0.257867834366
0.506190007934
0.053976930922
-0.377875423264
-0.644204635242
-0.631965719417
-0.272349590509
0.782077176268
-0.108068980564
-0.0577894695273
-0.503147957256
-0.0194215731445
0.0334570521765
0.0860323817865
-0.0759979450775
-0.48292860993
-0.210359829618
-0.38507606499
0.383301080345
0.686043333378
0.24264508426
0.475511522786
0.298367931604
0.704234998207
-0.181773397287
0.112444129707
-0.583435944977
-0.594037507728
0.646455052237
-0.27413606117
-0.57013925229
-0.0828603163339
-0.200632322985
-0.596903330928
0.209779557711
0.538346529027
-0.612539003023
-0.328197402198
0.233891237355
0.0403033501553
-0.273172839317
0.272821461418
0.126293673073
-0.312830871681
0.291489088573
0.493845493247
-0.377713020096
-0.473881385958
0.101170672999
0.430368927766
-0.121278251388
0.642016104747
-0.478560359567
0.357805926065
0.148632190728
-0.0685240717002
0.116323836233
0.568563433468
0.306352481601
-0.213171804728
-0.501381459523
0.435191274698
0.0669564896302
-0.192288559341
0.564229975623
-0.497265059402
-0.306220288154
0.0260016770091
-0.0220793356901
-0.45279022407
0.200519535672
0.454795466774
-0.346618045507
0.4955770446
0.184160271528
0.280300117975
0.22159735861
0.0367982588329
0.55055021106
0.54154368482
-0.394102335186
0.191109517751
0.476152352868
-0.556994171468
0.179904655135
0.363771756293
0.512509906354
0.433895382694
-0.226351538458
0.31633180263
0.128449352329
-0.0539986747429
-0.42700465635
-0.239585839162
-0.300605691902
-0.405720582772
-0.571613045252
-0.57669571485
-0.0815190243505
-0.287467865446
0.0663638521142
0.00141605802087
-0.0374821604047
0.617495179588
-0.228695224292
-0.216681433461
0.34192933032
-0.601444664591
-0.488706636836
0.0257407408984
-0.263571536284
-0.364195442751
-0.0893883522331
0.0265311866695
-0.61291409945
-0.033633868564
0.0419126551899
-0.000597578662947
0.602580199154
0.140699066608
0.362687822935
0.538580756353
-0.135314523056
-0.501183832238
0.299953383203
0.218201343358
0.161201115281
-0.0400943299592
0.225989508453
0.51661032055
-0.220789763925
0.382545615306
-0.62067201128
-0.258981487454
-0.51463369862
-0.191982350365
-0.595381131004
-0.35041968471
-0.532967312794
0.208885197753
0.0278685242968
0.177241170426
0.294817169077
0.0373683681522
-0.150843011959
-0.332775998455
-0.0661327487401
0.195797863127
0.614384600497
-0.169928319773
-0.380424192868
0.615111997732
0.198480031479
-0.508645069591
-0.443672384475
-0.197608588556
-0.293042128266
-0.595289361049
-0.246378914303
-0.458253189759
-0.527628921278
0.102725424351
0.302998621037
0.106639160843
-0.29191418111
0.520905398072
0.159626763348
-0.195862586634
-0.313810691767
-0.33582413586
0.0724260841843
-0.460264430173
0.374922419112
0.240183455973
-0.577557945772
-0.621601350807
-0.475578782067
-0.528664636923
0.543564444727
0.312952080412
0.486559019929
0.153914341671
0.0465277509073
-0.283681954994
-0.630069886018
-0.0416053287224
-0.320726277739
0.138819425897
-0.473337860116
-0.511005887577
0.390334325125
-0.264538300564
0.0980223858625
0.162819797109
0.284949512199
0.248259964485
-0.794312265986
-0.287733187323
-0.526144149723
-0.0599876647077
-0.597702230472
0.0451563952921
0.410473787637
0.0014948937978
0.272740194772
-0.0929454143012
0.21955547507
-0.618105091274
0.0420050103791
-0.215802055866
0.261258996374
-0.412432345885
0.345452555319
0.527570680335
-0.210743023319
-0.259989007019
0.660209640122
-0.939423485692
-0.170530829497
0.395424081905
-0.0767225430213
-0.60134417717
0.164740973658
0.372764719518
-0.62959802729
-0.145772852377
-0.08421539535
0.323182997524
0.397506002605
-0.0207944574286
0.0877729693208
0.0369104877195
-0.0517514170133
0.565264585281
-0.126980813675
0.643023515729
-0.46289790851
-0.517405348889
-1.11166267826
0.503554265276
0.284443682284
-0.106936522102
0.0333762380749
0.00110088362906
0.538189968583
-0.499913760282
0.516578146849
-0.419097678235
0.0339796460802
-0.0286147303015
0.335513023391
-0.296172366787
0.535152836562
-0.0387019048933
-0.577698380403
-0.568560792335
0.444813583706
0.151412986079
-0.227408349123
1.2572632649
-0.0959848696945
-0.548774427371
0.0228658805847
0.28378202704
-0.71560665813
-0.277747959108
0.40892044258
0.25361419806
-0.0549169304272
-0.318466729815
0.629832612772
0.276477831989
-0.340471586532
-0.351437234326
0.242389250194
-0.340646819548
0.365397242661
-0.123860124944
-0.118842242745
-0.658420836995
-1.42718575859
0.181339672339
-0.534079497345
-0.547079355432
0.505752928713
0.189474608119
0.352586039009
0.458861935098
-0.271031836007
-0.311031618168
-0.584189631101
-0.169158962261
0.2182376963
-0.0481868576376
-0.18158426399
-0.220997874766
-0.109819686336
-0.162446714269
0.570688494289
-0.363563976451
0.397389672625
1.64007391771
-0.850809372002
1.25427528579
-0.541776501825
0.413005290537
-0.255034532806
0.317570563437
0.998310429439
0.0635655181168
0.722723674061
-1.04158284892
0.0594501501179
0.86351927713
-0.218368880516
0.92447914351
0.422174577206
-0.174850723845
0.211253617552
0.884093925183
0.540796396804
-0.905888772286
0.499680811295
0.0
1.0