30.000000 1.400000 90.766922
30.000000 1.400000 93.966812
30.000000 1.400000 97.163043
30.000000 1.400000 100.352561
30.000000 1.400000 103.532863
30.000000 1.400000 106.701904
30.000000 1.400000 109.858008
30.000000 1.400000 112.999805
30.000000 1.400000 116.126173
30.000000 1.400000 119.236194
30.000000 1.400000 122.329119
30.000000 1.400000 125.404335
30.000000 1.400000 128.461341
30.000000 1.400000 131.499727
30.000000 1.400000 134.519160
30.000000 1.400000 137.519367
30.000000 1.400000 140.500126
30.000000 1.400000 143.461258
30.000000 1.400000 146.402613
30.000000 1.400000 149.324075
30.000000 1.400000 152.225546
30.000000 1.400000 155.106948
30.000000 1.400000 157.968218
30.000000 1.400000 160.809307
30.000000 1.400000 163.630173
30.000000 1.400000 166.430786
30.000000 1.400000 169.211119
30.000000 1.400000 171.971154
30.000000 1.400000 174.710876
30.000000 1.400000 177.430273
30.000000 1.400000 180.129338
30.000000 1.400000 182.808064
30.000000 1.400000 185.466447
30.000000 1.400000 188.104487
30.000000 1.400000 190.722182
30.000000 1.400000 193.319532
30.000000 1.400000 195.896540
30.000000 1.400000 198.453206
30.000000 1.400000 200.989533
30.000000 1.400000 203.505526
30.000000 1.400000 206.001186
30.000000 1.400000 208.476518
30.000000 1.400000 210.931526
30.000000 1.400000 213.366214
30.000000 1.400000 215.780586
30.000000 1.400000 218.174646
30.000000 1.400000 220.548400
30.000000 1.400000 222.901851
30.000000 1.400000 225.235005
30.000000 1.400000 227.547866
30.000000 1.400000 229.840438
30.000000 1.400000 90.099095
30.000000 1.400000 93.299412
30.000000 1.400000 96.496071
30.000000 1.400000 99.686015
30.000000 1.400000 102.866744
30.000000 1.400000 106.036211
30.000000 1.400000 109.192742
30.000000 1.400000 112.334965
30.000000 1.400000 115.461759
30.000000 1.400000 118.572207
30.000000 1.400000 121.665558
30.000000 1.400000 124.741200
30.000000 1.400000 127.798631
30.000000 1.400000 130.837443
30.000000 1.400000 133.857302
30.000000 1.400000 136.857934
30.000000 1.400000 139.839119
30.000000 1.400000 142.800675
30.000000 1.400000 145.742456
30.000000 1.400000 148.664343
30.000000 1.400000 151.566238
30.000000 1.400000 154.448065
30.000000 1.400000 157.309760
30.000000 1.400000 160.151273
30.000000 1.400000 162.972564
30.000000 1.400000 165.773601
30.000000 1.400000 168.554358
30.000000 1.400000 171.314818
30.000000 1.400000 174.054963
30.000000 1.400000 176.774784
30.000000 1.400000 179.474272
30.000000 1.400000 182.153421
30.000000 1.400000 184.812229
30.000000 1.400000 187.450692
30.000000 1.400000 190.068809
30.000000 1.400000 192.666583
30.000000 1.400000 195.244013
30.000000 1.400000 197.801102
30.000000 1.400000 200.337853
30.000000 1.400000 202.854267
30.000000 1.400000 205.350350
30.000000 1.400000 207.826105
30.000000 1.400000 210.281535
30.000000 1.400000 212.716645
30.000000 1.400000 215.131439
30.000000 1.400000 217.525921
30.000000 1.400000 219.900097
30.000000 1.400000 222.253970
30.000000 1.400000 224.587545
30.000000 1.400000 226.900828
30.000000 1.400000 229.193821
30.000000 1.400000 90.099090
30.000000 1.400000 93.301227
30.000000 1.400000 96.499705
30.000000 1.400000 99.691469
30.000000 1.400000 102.874018
30.000000 1.400000 106.045305
30.000000 1.400000 109.203655
30.000000 1.400000 112.347696
30.000000 1.400000 115.476308
30.000000 1.400000 118.588574
30.000000 1.400000 121.683742
30.000000 1.400000 124.761201
30.000000 1.400000 127.820449
30.000000 1.400000 130.861076
30.000000 1.400000 133.882750
30.000000 1.400000 136.885197
30.000000 1.400000 139.868196
30.000000 1.400000 142.831566
30.000000 1.400000 145.775160
30.000000 1.400000 148.698859
30.000000 1.400000 151.602567
30.000000 1.400000 154.486205
30.000000 1.400000 157.349711
30.000000 1.400000 160.193034
30.000000 1.400000 163.016135
30.000000 1.400000 165.818981
30.000000 1.400000 168.601547
30.000000 1.400000 171.363815
30.000000 1.400000 174.105768
30.000000 1.400000 176.827397
30.000000 1.400000 179.528691
30.000000 1.400000 182.209647
30.000000 1.400000 184.870260
30.000000 1.400000 187.510528
30.000000 1.400000 190.130451
30.000000 1.400000 192.730029
30.000000 1.400000 195.309263
30.000000 1.400000 197.868155
30.000000 1.400000 200.406708
30.000000 1.400000 202.924926
30.000000 1.400000 205.422810
30.000000 1.400000 207.900366
30.000000 1.400000 210.357597
30.000000 1.400000 212.794508
30.000000 1.400000 215.211102
30.000000 1.400000 217.607384
30.000000 1.400000 219.983359
30.000000 1.400000 222.339031
30.000000 1.400000 224.674404
30.000000 1.400000 226.989484
30.000000 1.400000 229.284276
30.000000 1.400000 90.311940
30.000000 1.400000 93.512986
30.000000 1.400000 96.710372
30.000000 1.400000 99.901045
30.000000 1.400000 103.082502
30.000000 1.400000 106.252698
30.000000 1.400000 109.409957
30.000000 1.400000 112.552908
30.000000 1.400000 115.680429
30.000000 1.400000 118.791605
30.000000 1.400000 121.885683
30.000000 1.400000 124.962052
30.000000 1.400000 128.020211
30.000000 1.400000 131.059749
30.000000 1.400000 134.080334
30.000000 1.400000 137.081693
30.000000 1.400000 140.063604
30.000000 1.400000 143.025886
30.000000 1.400000 145.968393
30.000000 1.400000 148.891005
30.000000 1.400000 151.793626
30.000000 1.400000 154.676177
30.000000 1.400000 157.538597
30.000000 1.400000 160.380835
30.000000 1.400000 163.202850
30.000000 1.400000 166.004611
30.000000 1.400000 168.786093
30.000000 1.400000 171.547276
30.000000 1.400000 174.288145
30.000000 1.400000 177.008689
30.000000 1.400000 179.708900
30.000000 1.400000 182.388773
30.000000 1.400000 185.048303
30.000000 1.400000 187.687488
30.000000 1.400000 190.306328
30.000000 1.400000 192.904824
30.000000 1.400000 195.482976
30.000000 1.400000 198.040787
30.000000 1.400000 200.578259
30.000000 1.400000 203.095395
30.000000 1.400000 205.592199
30.000000 1.400000 208.068675
30.000000 1.400000 210.524826
30.000000 1.400000 212.960656
30.000000 1.400000 215.376171
30.000000 1.400000 217.771374
30.000000 1.400000 220.146269
30.000000 1.400000 222.500862
30.000000 1.400000 224.835158
30.000000 1.400000 227.149159
30.000000 1.400000 229.442873
30.000000 1.400000 90.510153
30.000000 1.400000 93.712648
30.000000 1.400000 96.911484
30.000000 1.400000 100.103607
30.000000 1.400000 103.286513
30.000000 1.400000 106.458158
30.000000 1.400000 109.616866
30.000000 1.400000 112.761265
30.000000 1.400000 115.890235
30.000000 1.400000 119.002858
30.000000 1.400000 122.098384
30.000000 1.400000 125.176200
30.000000 1.400000 128.235805
30.000000 1.400000 131.276790
30.000000 1.400000 134.298821
30.000000 1.400000 137.301625
30.000000 1.400000 140.284981
30.000000 1.400000 143.248708
30.000000 1.400000 146.192658
30.000000 1.400000 149.116714
30.000000 1.400000 152.020778
30.000000 1.400000 154.904773
30.000000 1.400000 157.768635
30.000000 1.400000 160.612315
30.000000 1.400000 163.435772
30.000000 1.400000 166.238974
30.000000 1.400000 169.021896
30.000000 1.400000 171.784519
30.000000 1.400000 174.526828
30.000000 1.400000 177.248812
30.000000 1.400000 179.950463
30.000000 1.400000 182.631774
30.000000 1.400000 185.292742
30.000000 1.400000 187.933365
30.000000 1.400000 190.553643
30.000000 1.400000 193.153576
30.000000 1.400000 195.733165
30.000000 1.400000 198.292412
30.000000 1.400000 200.831320
30.000000 1.400000 203.349892
30.000000 1.400000 205.848131
30.000000 1.400000 208.326042
30.000000 1.400000 210.783627
30.000000 1.400000 213.220892
30.000000 1.400000 215.637840
30.000000 1.400000 218.034476
30.000000 1.400000 220.410805
30.000000 1.400000 222.766831
30.000000 1.400000 225.102558
30.000000 1.400000 227.417992
30.000000 1.400000 229.713137
30.000000 1.400000 90.390855
30.000000 1.400000 93.592712
30.000000 1.400000 96.790910
30.000000 1.400000 99.982394
30.000000 1.400000 103.164663
30.000000 1.400000 106.335670
30.000000 1.400000 109.493740
30.000000 1.400000 112.637502
30.000000 1.400000 115.765834
30.000000 1.400000 118.877820
30.000000 1.400000 121.972709
30.000000 1.400000 125.049888
30.000000 1.400000 128.108856
30.000000 1.400000 131.149204
30.000000 1.400000 134.170599
30.000000 1.400000 137.172767
30.000000 1.400000 140.155486
30.000000 1.400000 143.118577
30.000000 1.400000 146.061892
30.000000 1.400000 148.985313
30.000000 1.400000 151.888741
30.000000 1.400000 154.772101
30.000000 1.400000 157.635328
30.000000 1.400000 160.478373
30.000000 1.400000 163.301195
30.000000 1.400000 166.103763
30.000000 1.400000 168.886051
30.000000 1.400000 171.648040
30.000000 1.400000 174.389716
30.000000 1.400000 177.111066
30.000000 1.400000 179.812083
30.000000 1.400000 182.492760
30.000000 1.400000 185.153096
30.000000 1.400000 187.793086
30.000000 1.400000 190.412731
30.000000 1.400000 193.012031
30.000000 1.400000 195.590988
30.000000 1.400000 198.149603
30.000000 1.400000 200.687879
30.000000 1.400000 203.205819
30.000000 1.400000 205.703426
30.000000 1.400000 208.180705
30.000000 1.400000 210.637659
30.000000 1.400000 213.074292
30.000000 1.400000 215.490609
30.000000 1.400000 217.886615
30.000000 1.400000 220.262312
30.000000 1.400000 222.617708
30.000000 1.400000 224.952805
30.000000 1.400000 227.267608
30.000000 1.400000 229.562123
30.000000 1.400000 90.997560
30.000000 1.400000 94.199340
30.000000 1.400000 97.397460
30.000000 1.400000 100.588865
30.000000 1.400000 103.771056
30.000000 1.400000 106.941985
30.000000 1.400000 110.099977
30.000000 1.400000 113.243660
30.000000 1.400000 116.371915
30.000000 1.400000 119.483822
30.000000 1.400000 122.578633
30.000000 1.400000 125.655734
30.000000 1.400000 128.714625
30.000000 1.400000 131.754895
30.000000 1.400000 134.776211
30.000000 1.400000 137.778301
30.000000 1.400000 140.760943
30.000000 1.400000 143.723956
30.000000 1.400000 146.667194
30.000000 1.400000 149.590536
30.000000 1.400000 152.493887
30.000000 1.400000 155.377169
30.000000 1.400000 158.240318
30.000000 1.400000 161.083285
30.000000 1.400000 163.906030
30.000000 1.400000 166.708520
30.000000 1.400000 169.490730
30.000000 1.400000 172.252642
30.000000 1.400000 174.994240
30.000000 1.400000 177.715512
30.000000 1.400000 180.416451
30.000000 1.400000 183.097052
30.000000 1.400000 185.757309
30.000000 1.400000 188.397222
30.000000 1.400000 191.016790
30.000000 1.400000 193.616012
30.000000 1.400000 196.194892
30.000000 1.400000 198.753429
30.000000 1.400000 201.291628
30.000000 1.400000 203.809490
30.000000 1.400000 206.307020
30.000000 1.400000 208.784222
30.000000 1.400000 211.241098
30.000000 1.400000 213.677654
30.000000 1.400000 216.093894
30.000000 1.400000 218.489822
30.000000 1.400000 220.865443
30.000000 1.400000 223.220761
30.000000 1.400000 225.555780
30.000000 1.400000 227.870507
30.000000 1.400000 230.164944
30.000000 1.400000 90.137547
30.000000 1.400000 93.341534
30.000000 1.400000 96.541863
30.000000 1.400000 99.735477
30.000000 1.400000 102.919875
30.000000 1.400000 106.093012
30.000000 1.400000 109.253210
30.000000 1.400000 112.399100
30.000000 1.400000 115.529561
30.000000 1.400000 118.643674
30.000000 1.400000 121.740690
30.000000 1.400000 124.819995
30.000000 1.400000 127.881089
30.000000 1.400000 130.923562
30.000000 1.400000 133.947081
30.000000 1.400000 136.951373
30.000000 1.400000 139.936216
30.000000 1.400000 142.901429
30.000000 1.400000 145.846866
30.000000 1.400000 148.772408
30.000000 1.400000 151.677957
30.000000 1.400000 154.563437
30.000000 1.400000 157.428784
30.000000 1.400000 160.273947
30.000000 1.400000 163.098888
30.000000 1.400000 165.903573
30.000000 1.400000 168.687978
30.000000 1.400000 171.452084
30.000000 1.400000 174.195875
30.000000 1.400000 176.919340
30.000000 1.400000 179.622472
30.000000 1.400000 182.305264
30.000000 1.400000 184.967712
30.000000 1.400000 187.609815
30.000000 1.400000 190.231573
30.000000 1.400000 192.832985
30.000000 1.400000 195.414052
30.000000 1.400000 197.974778
30.000000 1.400000 200.515164
30.000000 1.400000 203.035213
30.000000 1.400000 205.534930
30.000000 1.400000 208.014317
30.000000 1.400000 210.473378
30.000000 1.400000 212.912119
30.000000 1.400000 215.330543
30.000000 1.400000 217.728654
30.000000 1.400000 220.106458
30.000000 1.400000 222.463958
30.000000 1.400000 224.801160
30.000000 1.400000 227.118068
30.000000 1.400000 229.414686
30.000000 1.400000 90.713574
30.000000 1.400000 93.914641
30.000000 1.400000 97.112050
30.000000 1.400000 100.302744
30.000000 1.400000 103.484223
30.000000 1.400000 106.654440
30.000000 1.400000 109.811721
30.000000 1.400000 112.954693
30.000000 1.400000 116.082236
30.000000 1.400000 119.193433
30.000000 1.400000 122.287534
30.000000 1.400000 125.363924
30.000000 1.400000 128.422104
30.000000 1.400000 131.461665
30.000000 1.400000 134.482271
30.000000 1.400000 137.483652
30.000000 1.400000 140.465584
30.000000 1.400000 143.427888
30.000000 1.400000 146.370416
30.000000 1.400000 149.293050
30.000000 1.400000 152.195692
30.000000 1.400000 155.078265
30.000000 1.400000 157.940707
30.000000 1.400000 160.782966
30.000000 1.400000 163.605003
30.000000 1.400000 166.406785
30.000000 1.400000 169.188288
30.000000 1.400000 171.949493
30.000000 1.400000 174.690383
30.000000 1.400000 177.410949
30.000000 1.400000 180.111182
30.000000 1.400000 182.791076
30.000000 1.400000 185.450627
30.000000 1.400000 188.089834
30.000000 1.400000 190.708696
30.000000 1.400000 193.307213
30.000000 1.400000 195.885387
30.000000 1.400000 198.443219
30.000000 1.400000 200.980713
30.000000 1.400000 203.497870
30.000000 1.400000 205.994696
30.000000 1.400000 208.471193
30.000000 1.400000 210.927365
30.000000 1.400000 213.363217
30.000000 1.400000 215.778753
30.000000 1.400000 218.173977
30.000000 1.400000 220.548894
30.000000 1.400000 222.903509
30.000000 1.400000 225.237825
30.000000 1.400000 227.551848
30.000000 1.400000 229.845583
30.000000 1.400000 90.124774
30.000000 1.400000 93.327357
30.000000 1.400000 96.526282
30.000000 1.400000 99.718491
30.000000 1.400000 102.901486
30.000000 1.400000 106.073219
30.000000 1.400000 109.232014
30.000000 1.400000 112.376501
30.000000 1.400000 115.505558
30.000000 1.400000 118.618269
30.000000 1.400000 121.713883
30.000000 1.400000 124.791786
30.000000 1.400000 127.851479
30.000000 1.400000 130.892551
30.000000 1.400000 133.914670
30.000000 1.400000 136.917561
30.000000 1.400000 139.901005
30.000000 1.400000 142.864819
30.000000 1.400000 145.808857
30.000000 1.400000 148.733000
30.000000 1.400000 151.637152
30.000000 1.400000 154.521234
30.000000 1.400000 157.385183
30.000000 1.400000 160.228950
30.000000 1.400000 163.052494
30.000000 1.400000 165.855784
30.000000 1.400000 168.638793
30.000000 1.400000 171.401504
30.000000 1.400000 174.143900
30.000000 1.400000 176.865971
30.000000 1.400000 179.567708
30.000000 1.400000 182.249107
30.000000 1.400000 184.910162
30.000000 1.400000 187.550872
30.000000 1.400000 190.171237
30.000000 1.400000 192.771257
30.000000 1.400000 195.350933
30.000000 1.400000 197.910267
30.000000 1.400000 200.449262
30.000000 1.400000 202.967921
30.000000 1.400000 205.466247
30.000000 1.400000 207.944244
30.000000 1.400000 210.401916
30.000000 1.400000 212.839268
30.000000 1.400000 215.256303
30.000000 1.400000 217.653026
30.000000 1.400000 220.029441
30.000000 1.400000 222.385554
30.000000 1.400000 224.721368
30.000000 1.400000 227.036889
30.000000 1.400000 229.332120
