6
4
2
64
64
ReLU
ReLU
Affine
1.0250117
0.2188236
0.161445
0.09461842
-0.48192915
-0.27534375
0.13431206
0.31673652
-0.32004783
-0.07944362
-0.64366895
-0.67846596
-0.27669457
0.17290357
0.29149604
-0.9512989
-0.12633355
0.412378
-0.5248287
0.1766034
0.12636544
1.0450903
0.50675994
0.022616204
-0.13853471
0.086479716
-0.3309714
0.07875052
0.90779734
-0.46775827
-0.39606968
0.35981444
-0.19444449
-0.33374164
-0.10566172
-0.91276896
0.20912705
0.086445995
0.50019985
-0.31618357
-0.15073368
0.1937793
0.36351585
0.50105196
-0.16642664
0.7556471
-0.25173134
-0.1341902
0.017060112
-0.0495201
0.122710444
0.16459146
0.48007804
0.014323312
0.740515
-0.080597065
-0.1440871
0.66948473
0.4596037
-0.49179542
-0.49074155
-0.24497314
-0.045473434
0.103592195
-0.6689658
-0.17887102
-0.1526185
0.24321146
0.649732
0.2286622
0.095526494
0.42533842
0.2717173
0.72318923
0.3253662
0.45677236
0.02864263
0.49798334
-0.43260303
-0.55527055
0.26675382
0.16991057
-0.5457709
-0.06663243
-0.033269003
-0.33138663
-0.49588367
0.3878752
0.051028848
0.33847913
0.17603801
-0.0019340662
-0.35740674
0.3051417
-0.8207412
0.24077028
-0.409078
0.15917663
0.17151386
-0.08893408
0.07053246
-0.020365944
0.15880631
-0.95737773
0.010219984
0.4809087
0.22238627
0.031113908
-0.22748931
-0.8870714
0.3176446
0.1741655
0.44052058
-0.24136876
0.66400903
0.032736167
0.5776709
-0.327821
0.17807391
0.05603173
0.8273314
0.54906464
-0.09138676
0.252017
0.33130166
0.11101843
0.22039546
0.20767048
-0.6966922
0.5894919
-0.24937814
-0.44067624
-0.13375232
-0.41684994
-0.42550996
0.3591102
0.18982482
-0.17494917
0.55028826
0.18818073
-0.95411503
0.5074316
-0.25842357
0.16646042
0.039286662
0.21635683
0.020425742
0.49796847
1.1410292
-0.21181653
-0.17588577
-0.04992676
-0.11666431
0.12364515
0.50071645
0.633554
-0.11768087
-0.5904278
-0.41742262
-0.1767794
-0.07702911
-0.17388476
-0.15291663
0.69635326
0.066716164
0.829766
-0.42113182
-0.06714527
1.0929395
-0.48200333
-0.43653256
0.099787
-0.032088943
-0.048091315
0.19249529
-0.7915974
0.2715121
-0.22295308
0.43791306
0.5135153
-0.09268251
-0.085715495
0.04096119
-0.00054859224
0.07783183
0.9522308
-0.22739875
-0.25625104
-0.006195407
-0.017067209
0.7122884
-0.27387267
-0.23146859
0.8393565
0.0151926065
-0.2397332
0.77193266
0.114376426
0.43743914
-0.48185775
0.027330281
0.17517205
-0.0076743527
0.55403256
0.44135624
-0.71291536
-0.271724
0.18891717
0.09615844
0.026629608
0.34896666
0.23902318
-0.790626
-0.19081138
-0.3818404
-0.37871474
-0.12102925
0.0153294075
0.31602788
-0.24162254
0.15346076
0.69288653
-0.72464496
0.20792001
-0.3700613
-0.093930334
-0.22047451
-0.668281
0.29354185
0.5626051
0.061442275
-0.6923557
0.29794693
0.6580357
0.06684871
0.44212696
-0.29258665
-0.22206295
-0.39565063
-0.034293976
0.8023831
0.35634384
-0.30336794
-0.51080066
-0.10774349
0.13458031
0.6342243
0.39746234
0.17686532
-0.3978311
-0.5030589
0.10320622
0.5022386
0.48853028
-0.3303954
-0.27920234
0.7304562
-0.53364575
-0.1875645
0.7558812
-0.7178682
0.20401639
0.11264871
-0.5293676
-0.14224127
0.05846974
-0.3254151
-0.69329304
-0.423166
-0.6006909
0.04705406
-0.13044277
0.12727246
-0.08891023
0.3018859
-0.7907879
-0.23446865
0.5199934
0.11550648
-0.07236889
-0.36390823
-0.63818306
0.66698384
-0.12230139
0.13763367
0.34542328
0.056553897
-0.8646074
0.77016264
0.28111815
-0.10708178
0.33654663
-0.011226928
-0.19703577
-0.7960277
-0.18605864
0.53128856
-0.3750291
-0.16709526
0.4252431
0.107085064
0.91958666
-0.101947896
-0.124748796
0.35494092
0.04128783
0.07503398
-0.008186156
-0.048800673
0.8723502
0.13878107
0.46013084
-0.5429441
-0.0035006737
0.042183865
-0.2375279
0.17348899
-0.22280298
-0.73780066
0.33539802
-0.15732865
-0.153559
-0.61526686
1.1281039
-0.19061406
-0.09093595
-0.18954138
-0.070445366
0.104573235
0.49956232
0.9117413
0.3480776
0.24258251
-0.58634466
-0.15211704
0.14660102
-0.7117568
-0.40378413
-0.38186982
-0.33702528
0.3998237
-0.030797686
0.20422052
-0.025100634
1.0186875
-0.09352107
-0.4705896
0.20784691
-0.38747758
-0.05493472
-0.73288876
-0.42021805
-0.1672847
-0.113787055
-0.87514085
0.2079637
0.07389358
0.21043672
0.6476944
0.14834939
-0.40755597
-0.3958682
-0.3888182
0.074246675
-0.34975934
0.88136095
-0.26184496
-0.34393892
0.27066943
0.45167583
-0.020234331
-0.6401366
-0.29971504
-0.38488862
-0.6149143
0.022626642
-0.064174965
0.13286367
-0.10039253
0.5606326
-0.4301098
0.8072188
-0.14562684
-0.04616234
0.02353772
-0.048764467
0.35874647
-0.7745147
0.32525334
0.2895889
0.01626638
-0.020919828
0.07879834
0.08745713
0.29163322
-0.480052
-0.5260699
0.50196433
0.22777927
0.051130798
-0.59453964
-0.45467445
-0.32470068
-0.18763909
-0.4586745
0.058552165
-0.7111005
0.40965325
-0.5866263
0.19730252
-0.23922056
-0.10678377
0.10853097
-0.023513684
1.0085787
-0.023010187
-0.49835315
-0.0013313165
0.54375464
0.024079898
-0.4090344
-0.6313547
-0.2506781
0.4488324
0.31543574
-0.6852022
-0.0433191
0.27417082
0.122317076
0.79354316
-0.22056216
-0.15101995
0.0884203
-0.017401472
-0.16664818
-0.28027886
-0.5751421
0.20206468
0.063205086
-0.82421315
-0.05829825
-0.7078504
0.7826451
0.17422394
0.22993572
-0.034545403
-0.36049703
0.11757034
0.14041221
0.036419727
-0.31480363
0.033572733
-0.20979932
-0.047676664
0.31450462
0.11712863
-0.23689601
-0.050235227
0.32970574
0.037527986
0.04132442
0.040665228
-0.007207815
0.18642691
0.3911429
0.07325709
-0.19488537
0.12838094
0.040738016
0.18030718
-0.5221895
0.3538854
0.16898914
0.003499408
-0.14919433
-0.36525127
0.18096957
-0.121551365
-0.3194555
0.031268574
-0.17026253
0.19158594
0.30442712
0.049202066
-0.46424833
-0.02712449
-0.17236812
-0.032569636
0.00038746683
-0.17098543
-0.26705134
-0.032994013
-0.14025353
-0.025323432
-0.11061536
0.07754196
0.083433114
-0.26181716
-0.33784655
-0.36236197
-0.05498061
0.16706787
0.24912414
0.007530553
-0.072371006
0.13455626
0.21351433
0.22722976
0.2610852
0.1347344
-0.0018962012
0.17763327
0.11717235
-0.3847316
0.14505906
-0.84798455
-0.27897897
-0.036948264
0.3118482
-0.1370393
0.025740653
-0.49629197
0.07955774
-0.050910376
-0.18630363
0.028034106
-0.040930223
-0.08202432
0.11178861
-0.025153201
0.08156971
-0.15618499
0.022325013
0.15284908
0.12171269
-0.34038037
0.06285431
-0.60906726
-0.16070868
-0.00055289664
-0.3071866
-0.12222259
0.07670034
-0.10126365
0.2209224
0.07458269
0.048972648
-0.01796916
-0.13846214
-0.2517785
-0.99677444
-0.14044777
-0.22589761
-0.1572861
-0.17484514
0.011221078
-0.46685088
0.19961381
-0.22655685
0.2756992
0.297544
0.10758539
-0.19776817
-0.043196905
-0.2230275
0.16727367
0.12997326
0.2366467
-0.17326899
0.25046223
-0.0031402563
0.022551307
0.32499242
0.06601394
0.11047951
0.06553589
0.2054212
0.115711465
-0.41027707
-0.30244803
-0.19807994
-0.10260084
0.12188366
-0.030279368
-0.10582761
-0.12939094
0.24344413
0.022115042
-0.17935406
-0.11666979
0.014541654
-0.24031821
0.11704751
-0.15310971
-0.32841915
-0.15677185
0.25364497
-0.19898532
-0.08521851
-0.10915756
-0.42852682
-0.2977196
-0.075174175
-0.12760125
-0.50959563
-0.37700096
-0.25311813
0.22653005
0.078153215
0.30454254
-0.017206043
0.01615648
-0.15790746
0.01023469
-0.0073499284
-0.32150036
0.08508915
0.20554811
-0.88649297
-0.012556901
0.040454056
-0.009007414
0.15438402
0.037265353
0.036639325
-0.14914684
0.11304178
-0.2973104
0.04414796
-0.19368495
0.276091
-0.05096843
-0.026535407
0.18270339
-0.02918281
-0.18478434
0.057449427
-0.0787587
-0.101808205
-0.27174196
0.24950998
0.4210226
0.02026274
-0.2942786
0.10160566
-0.1396981
0.2044987
0.043259855
0.0048555234
-0.042845383
0.1735214
-0.39628863
0.11073193
-0.07314445
0.060909916
0.17963977
-0.12222928
0.074075475
-0.10579463
-0.1578626
0.07717016
0.19429605
-0.08519699
-0.07943722
0.2735248
-0.17870867
0.051928096
-0.055249106
-0.04254365
0.040185023
-0.19098568
0.14771529
0.1614267
0.13551022
0.15962245
-0.24761526
-0.293301
-0.22869661
0.02999615
0.08348045
-0.22232476
-0.05805294
0.018283596
-0.015771696
-0.33924586
0.12375826
-0.059941158
-0.285568
-0.25690395
0.24237548
0.19008557
0.29136482
-0.15530863
-0.33775142
-0.28903645
0.065037645
-0.09373064
0.108534634
0.17848612
-0.031496737
-0.0627467
-0.19950105
0.30425188
0.21549176
0.11833277
0.2056365
0.34570464
0.09618277
0.17737232
0.049842097
0.053669058
-0.2100532
-0.13107458
0.13614771
-0.09891501
-0.09129628
-0.15731171
-0.053390544
0.12024442
-0.17636847
0.0059375428
0.027206719
-0.08130291
0.08947002
-0.035740852
-0.056916986
0.0987114
-0.16662318
0.002036397
0.26780614
0.0028775854
-0.07973209
-0.053357523
-0.13557833
-0.09544866
-0.014057369
-0.18131058
-0.21734294
0.18446626
-0.19369142
-0.042248096
-0.17431049
-0.05582021
0.21245268
-0.27910054
0.08082536
0.0023905274
0.14267272
-0.18445161
0.0004493135
-0.045826316
-0.02039891
-0.089981705
-0.07336947
-0.009510717
-0.07998616
-0.009398262
-0.195426
-0.08863728
0.2347837
0.03415858
0.078830086
-0.07124706
0.061326656
0.05394447
-0.06321332
-0.18447845
-0.08121572
0.12721786
0.008207438
-0.17776859
0.14061697
0.0
-0.13607062
-0.07075059
0.16787559
-0.223661
-0.0038096514
0.10647339
-0.017790139
-0.108628854
-0.04521435
0.014644325
-0.10484729
-0.13961354
0.044172995
0.020117296
-0.18619353
-0.105991706
-0.15609457
0.045049217
-0.024926806
0.047344886
-0.026482701
0.034185275
0.23881517
-0.23781207
0.13974614
-0.11165756
0.13666685
0.42997673
-0.07666479
-0.2199891
0.14873789
-0.16078429
-0.1449443
-0.14527594
-0.4133642
0.11400899
0.2721758
-0.14826582
0.18470663
-0.0654496
0.077791825
-0.4015145
0.30684873
0.032410312
0.050280806
-0.06608815
-0.10298106
-0.11543727
-0.05732961
0.23507544
0.031421028
0.11951286
0.15927038
0.30574998
-0.10678995
0.08986929
0.32103068
0.16396004
0.054861084
-0.22607037
-0.5932355
-0.06850743
0.052333523
0.07660027
0.061641444
0.14025477
0.15212129
-0.07719848
-0.05392919
-0.13108844
-0.1968232
-0.009455335
0.14327262
-0.14604491
0.022413144
-0.01544999
0.1816222
0.22968945
0.20522547
0.0396164
0.05533406
-0.005397962
0.07844483
0.044113383
0.23373257
-0.15273209
0.15837833
-0.346954
0.08243672
-0.026755145
0.17481686
0.040647756
-0.41950646
-0.1577528
0.070476234
-0.27800363
0.12642144
0.092183985
0.3381943
0.36112106
-0.171839
-0.30315098
0.03355796
-0.040592384
-0.006442984
-0.20635226
-0.2318378
0.03580853
0.05541532
-0.0744394
-0.11149342
0.30331624
-0.074841835
-0.41366655
-0.2604919
-0.34960827
-0.29477814
0.14689349
-0.1804758
0.048718117
0.022252018
0.09913099
0.14956777
-0.21299173
0.14107597
0.2963021
0.14752497
0.1848392
-0.124990776
0.098584
-0.2276919
0.123888746
0.29460463
-0.11215842
-0.007112327
0.21084379
-0.24695435
-0.031721264
0.18165556
0.19184907
-0.04496777
-0.061556604
-0.1732179
0.010740854
-0.099247515
0.08590061
-0.31248087
-0.08373161
-0.34505245
-0.049144093
0.1680036
-0.018865624
0.201421
-0.48124376
0.21915494
-0.120506234
0.14758249
0.23629491
-0.22266856
-0.041367043
0.01438858
-0.12916616
0.06513017
-0.21893466
-0.5618623
-0.020764304
0.14005233
0.23704386
0.08919493
-0.07055319
-0.05652348
0.024509666
-0.15399012
-0.28019735
0.083550625
0.17671971
0.02103152
-0.15686321
0.057302967
0.41656938
0.1593486
0.034482185
-0.040814005
0.07136025
0.18818358
-0.069215216
-0.16644374
0.026053257
0.18043453
-0.052510314
-0.36708742
-0.017415063
0.053831205
0.027237477
-0.00019106241
-0.008797986
-0.0667114
0.11895875
-0.13452876
-0.29998702
-0.07928433
-0.040030193
0.056776777
0.24712
0.20237692
-0.014972322
0.055026226
0.0072192126
0.12845865
-0.004182228
0.053836968
0.32503858
0.13583197
-0.34383386
0.0027330935
-0.2155347
-0.0754755
0.29310772
0.14121854
0.2626798
0.20949468
-0.15202834
0.28500938
-0.06167405
0.0046302527
-0.1791944
-0.03681081
0.14455658
0.10092274
-0.22722141
0.19522668
0.09473206
0.21501124
0.036488798
0.14528401
-0.030580465
0.112584315
-0.103530094
0.013162664
0.025146682
0.16416425
-0.17860755
-0.31256613
0.15867324
0.4381876
-0.063294016
0.32598343
-0.17277788
0.09648203
0.23379704
-0.22011484
0.36158466
0.1938013
-0.015870363
-0.15345472
-0.6015672
0.22561577
-0.20872998
-0.002955031
0.12524039
-0.38773555
-0.41498137
-0.093608156
-0.088432625
0.37806478
0.13021125
0.03756509
0.040190592
0.1085943
0.166698
0.034514304
0.10993453
0.2828417
0.0320737
0.21194303
0.163225
-0.113231376
-0.044722483
0.40111294
-0.09663033
0.14642112
-0.041806363
-0.016885597
0.084888056
0.13147593
0.123037495
0.054138392
0.29143316
0.06565489
-0.011496682
0.28118622
0.29491806
-0.10151894
-0.21804167
0.09780544
0.004804989
0.3193271
-0.132023
-0.051546097
0.051808983
0.15699649
-0.00189211
0.014824769
-0.06252738
-0.07292204
-0.00224243
0.1823564
-0.059448317
0.04770993
0.24652722
0.22474156
-0.04909908
-0.055946786
-0.2249967
0.22684377
-0.0047838544
-0.22540058
-0.10307621
-0.0531576
-0.039073315
0.22672744
0.03214099
0.31888187
0.10770403
0.09496015
-0.21635771
-0.14047872
-0.22637583
-0.17022343
0.03888382
0.21325268
-0.35256538
0.109971076
-0.036780663
-0.05760804
0.13131255
-0.024184853
0.1066796
0.061890814
0.046770573
-0.008688453
-0.32195622
-0.110765636
-0.12489761
0.0853275
-0.006751985
-0.2059907
0.2964969
-0.01392441
-0.004229072
-0.15487261
0.028479446
0.1014043
-0.059253234
-0.020671446
0.2248395
0.073731385
0.050865773
-0.13661265
-0.18366282
0.20224474
0.32576272
-0.093120806
-0.0073366137
0.08018882
-0.083911
-0.15830049
0.38739666
-0.090573624
-0.05269304
-0.18421216
-0.09207557
-0.065681756
0.12560436
0.11856954
0.21187603
0.30176988
-0.08001996
0.02285756
-0.16723524
0.003559846
0.12899482
0.03558756
-0.13599193
-0.01696874
-0.36598092
0.18714754
0.2783911
-0.05909958
0.08316129
-0.25824928
-0.059769124
-0.20217483
0.032099336
-0.0817806
0.021899376
-0.12515351
0.26082718
-0.16879807
0.15150404
0.1720352
0.17759615
0.10721401
-0.029022988
-0.12446231
-0.055885002
-0.13839951
0.17664815
0.1001345
0.26866212
0.105856076
-0.04482895
0.2452444
-0.07224037
-0.17363304
-0.115808465
0.06271921
-0.13854766
-0.07725519
0.18018328
0.36058235
0.25334445
0.06448423
-0.5343333
-0.10428495
0.05740273
0.12082417
0.017246466
0.07492955
0.24584568
0.07763048
-0.34543505
-0.085924484
-0.096085794
-0.14028183
0.013464121
0.11781182
0.17403792
0.26626256
-0.06416113
-0.109267935
-0.09035398
0.02302608
-0.020890756
0.29207122
-0.19066457
0.13507675
-0.020671617
0.2307421
-0.043597933
-0.0580662
-0.1408569
0.15612496
0.2426211
0.19810593
-0.0310052
0.07910127
-0.16758485
-0.012322601
0.06889695
-0.08631282
0.17275308
0.11795808
-0.08756732
0.023266295
0.1983932
-0.046977844
0.08889977
-0.116191626
0.025789853
0.018328935
-0.017754158
0.14421648
0.17017086
-0.14473835
-0.04971584
0.020712173
-0.23143782
0.18979761
-0.1364131
0.2576038
0.3570541
-0.24660675
-0.11091413
0.03443013
-0.122240864
0.05329111
-0.044318303
-0.3229951
0.26129588
-0.08843471
-0.38542563
-0.32764393
0.0119868
0.21904702
-0.11624371
-0.45702282
0.08010269
-0.056560133
0.16680032
-0.12958516
0.20915307
0.033222705
-0.0012122575
-0.3266933
-0.21562886
-0.3325585
0.13322963
-0.24833839
0.16148677
0.034969956
0.1376681
-0.21374345
0.07113694
0.42927566
0.3281154
0.1278698
0.19716133
0.27498782
0.080264166
0.045154963
-0.1974337
-0.047185015
-0.42897555
0.09545293
0.028295327
0.06280921
-0.07211346
0.3668599
0.21854751
0.0841832
0.012159487
0.070804186
0.1753588
-0.10499732
-0.16570516
-0.101829946
0.108187534
0.077160835
-0.11739343
0.03216913
-0.28224382
0.23006912
-0.1519504
0.06993333
-0.10204525
0.05648435
0.28803754
0.074695095
0.066422
0.1539
0.20746599
0.029256547
-0.038333222
-0.51752955
0.23712273
0.0006624759
-0.07683001
0.29283828
0.20231377
0.13240413
-0.10597762
-0.16666092
-0.09274196
-0.16417481
0.20322996
-0.17159067
0.074379094
0.20835166
0.14641894
-0.01912543
0.19102502
0.019722953
0.26158604
-0.21144032
-0.0012026413
0.26825175
0.06368711
0.029829463
-0.20136604
-0.635025
0.10366402
0.2457106
-0.005433277
0.13397266
-0.23585346
-0.07830324
-0.34172806
0.057883345
-0.457415
0.030828044
-0.08965175
0.1300905
-0.031722274
0.36710197
0.19655323
0.28198963
0.26743302
0.21028426
0.16197804
-0.35551095
0.30776402
0.36179826
-0.24221094
-0.028887426
0.17042232
-0.03280777
-0.30453125
0.47844398
0.017081732
-0.24735782
0.28382415
-0.4360222
0.023967987
0.0074656126
0.061033417
0.35064915
0.2777992
0.006640327
0.23268834
-0.34575477
-0.4762468
-0.71195304
-0.115107924
0.57758063
-0.07106643
-0.21675782
-0.11390031
-0.19805783
-0.7346373
0.6247606
-0.2928105
-0.55156326
-0.18898888
-0.1136232
-1.1930209
-0.32275215
0.0052318964
-0.05774881
0.15104042
0.13706027
-0.023686258
0.19277237
-0.060972754
0.110626034
-0.5763318
0.23241548
0.34661317
-0.09616059
0.3285493
-0.0002567587
-0.03752369
0.21107432
-0.039179653
0.11641334
0.036119364
-0.15168981
-0.06033839
-0.11797589
0.0416737
-0.19202796
-0.059943743
0.11205605
0.19334866
-0.09058698
-0.1934849
0.019565104
0.17259997
0.037235256
-0.045645114
0.06984824
-0.4090259
0.21663369
-0.11857087
0.16174357
-0.2967575
-0.088291876
0.26752537
0.22585063
-0.13354722
0.21464774
0.25109735
-0.01674753
-0.283259
-0.24391985
-0.03185565
0.26787335
-0.16606364
0.18742496
0.22169706
0.12572853
-0.23995928
0.27883646
-0.043974288
-0.028915055
0.16848727
-0.19665597
-0.18841109
0.18259609
-0.051558096
0.24954288
-0.20239837
0.033148028
-0.12060645
0.017753946
-0.017423015
0.042249076
0.16484813
0.21912625
0.021026973
-0.3397026
0.022489218
0.25582176
0.1033232
0.14608182
0.018833186
0.07949515
-0.9048513
0.041655436
-0.04403738
-0.1599435
0.16764712
-0.103145026
-0.17133074
-0.17303446
0.26693225
-0.25015792
-0.00026769028
-0.24265902
0.030128235
0.17336261
-0.113217756
0.40329823
0.14331691
-0.004866518
0.08384707
0.26989472
-0.34937623
-0.29496968
-0.16158621
-0.14709875
-0.37171766
-0.29442483
0.044728238
0.04661658
-0.23578946
0.09956183
0.030484613
-0.11403255
0.08716076
-0.009951256
-0.34628433
-0.49317682
-0.28237173
0.22062597
-0.30333954
0.009672717
-0.09516117
0.05083269
0.20565988
-0.016281927
0.41861126
0.39970616
-0.05926373
-0.3633838
-0.19493148
-0.24645008
0.34147185
0.088071845
0.22068366
0.0859066
0.25805423
0.06699913
-0.060911745
0.26123574
-0.27455777
0.07059826
-0.25057757
-0.0003839782
0.012215593
-1.3330499
0.2081269
0.031153401
-0.73294926
-0.18598182
0.032583345
-0.00075536914
0.015279427
-0.4007584
-0.10259415
0.08230195
-0.27220201
0.019453699
0.26751432
0.0021177356
-0.023988932
0.06689436
0.0256854
-0.14922546
0.2209549
0.10490308
-0.51508707
0.932769
-0.32117522
-0.36357218
-0.2772409
0.05299579
0.31218085
-0.21567252
-0.27513987
0.069126986
-0.05534491
0.14678568
-0.21195279
-0.28324205
-0.15667118
0.7460451
-0.121180244
0.10213538
-0.02613419
0.11682501
-0.5046682
0.20415893
-0.06573426
-0.1886831
-0.032803793
0.065325625
-0.2509766
0.023553662
0.022588538
0.11360597
0.28003028
-0.16197354
0.08222096
0.108861156
0.073014244
0.11227763
-0.010567906
0.3271489
-0.057488788
0.005136078
-0.03129781
-0.035919454
0.16171873
0.09753849
0.16559297
-0.09889463
-0.14826654
0.003969123
-0.21656974
0.026641868
0.119032845
-0.31714457
0.19867508
0.06506932
0.102048
-0.013417874
0.086969376
-0.036832895
0.030064449
-0.14154358
0.11396334
-0.07096395
-0.21169795
0.14917001
0.029592162
-0.3573241
-0.02470783
0.036119208
0.23911753
0.0123301875
-0.10852575
0.012492327
0.025761245
0.09361747
-0.3632066
-0.14101967
0.28632605
0.052667506
-0.24754742
0.17145002
-0.020582918
0.28579795
0.23423693
-0.075431995
0.01857059
0.23694755
-0.08687914
0.15834893
-0.14533158
0.026249098
-0.15034
-0.085881345
-0.01242924
0.43598312
-0.021239338
0.11525597
-0.092197
0.12619911
-0.047519077
-0.17317095
0.16919285
-0.13440542
-0.0035128056
-0.12126351
-0.58299273
0.048540294
-0.03262031
0.15997565
0.104818664
0.18310216
0.1791477
-0.09834673
0.20487846
-0.09951332
-0.1231677
0.116903484
-0.08274761
-0.17788966
-0.042108472
0.20099568
0.09604165
-0.14365831
-0.19824545
-0.23533559
0.23849289
0.16428871
-0.09586059
0.29665682
0.09459331
0.2990311
-0.07221433
-0.36333248
0.027953846
-0.07311403
-0.038574256
0.22088169
-0.31544703
0.1669202
0.20681898
-0.18342984
0.008129313
0.2158405
-0.12377087
0.15202498
-0.065752886
-0.45198634
-0.1103431
-0.026416155
-0.24166128
0.028679268
0.14231609
-0.050649423
-0.050900202
0.061599787
0.26186705
0.25160336
0.10783121
-0.020557243
-0.35319924
-0.40606284
-0.4080333
0.1041026
-0.0044833827
0.2351452
-0.061313387
-0.14328156
0.032539126
-0.026697125
-0.024703933
0.6093728
-0.0005001438
0.21710894
-0.013970109
0.039721124
-0.41502127
-0.43028656
0.14801696
-0.17782979
0.013351813
-0.15033169
-0.23194942
-0.067070775
-0.01896005
0.075386286
0.18658218
0.20483252
0.10012148
0.18542323
-0.19091922
-0.30870405
-0.10220369
0.006400211
0.056073807
-0.08854003
0.07333658
0.07083122
0.30554393
-0.075151324
0.04377953
-0.19697998
-0.035162088
0.44402623
-0.07915164
-0.00044761735
0.35054237
0.005866818
0.1375329
-0.47964674
-0.54210794
-0.13016312
0.31592855
0.023437737
0.21468303
-0.13076887
0.10233182
-0.4359333
0.020293223
-0.06914071
0.18615094
-0.037399925
-0.12743519
0.109721206
0.006179382
0.27740082
0.09907921
-0.09686706
0.12220841
0.023584697
0.038808733
0.1078212
0.02176438
-0.068078786
-0.166576
-0.15827538
-0.03858195
0.19037339
0.20608483
0.024918413
0.08250391
0.16179945
0.24927475
-0.014104934
0.096259445
-0.2758495
-0.3275436
0.07924531
-0.12244522
-0.67909646
0.025753858
0.096182935
0.06195489
0.051757153
-0.018120386
-0.06205598
0.091760725
-0.076265976
-0.028783258
0.039975688
-0.0683575
-0.1070785
0.10944207
-0.33057043
-0.10905844
0.21771498
-0.075303555
0.25649694
-0.39187706
0.2667993
0.012035358
-0.16247277
0.1979781
-0.2519928
0.25277165
0.2781653
-0.1626339
-0.15030722
0.07050563
-0.19550893
-0.035288364
-0.10348597
-0.2843846
-0.34588563
0.117475
-0.043123942
0.19866945
0.17816955
0.018363794
-0.038786497
-0.40717897
-1.4745027
-0.1156677
-0.14601873
-0.13785224
0.16166106
0.0014367746
-0.12353823
-0.005447787
-0.43357465
0.16549428
0.493959
-0.13285638
0.017388735
-0.021189192
0.09882054
0.14086203
-0.13002947
-0.24806218
0.027780553
0.09303385
-0.13637853
-0.102123044
-0.04392684
-0.049520347
-0.016100654
0.16962689
0.07075433
0.22686394
-0.09155328
0.016192887
0.04660393
0.24736355
-0.21529707
0.048792277
0.0010973633
-0.008007805
0.16884579
-0.071688645
0.3943899
0.03524348
-0.03266053
0.22666328
-0.051046472
-0.07736261
-0.17759219
0.27223483
0.0677079
-0.12811783
0.02630854
0.2347927
-0.038228106
-0.017590204
-0.042341948
-0.30175972
0.06684547
0.2531596
0.13865654
0.023266936
0.1234214
0.0016058821
-0.2122547
0.22798036
0.26613134
-0.07495246
-0.16152214
0.028337836
-0.1372739
-0.050727364
-0.3073189
0.20103836
0.05498364
-0.19024694
-0.10978931
0.04981352
0.31713688
0.24910203
0.021263191
-0.05447041
-0.027578384
0.10657299
-0.18546885
-0.20066209
-0.14955238
-0.09452447
0.1811389
0.28107107
-0.0427413
-0.019615293
-0.098126896
0.20282474
-0.02518803
0.28187183
0.05713674
-0.1220986
-0.01932537
-0.031646524
-0.35732466
0.2616391
0.21821192
0.27166516
-0.009314046
0.13358165
-0.10036844
0.03470001
-0.119998716
-0.16602072
0.064641036
0.11487172
0.07614795
0.06392355
0.10149386
0.05844863
0.024733005
-0.45315608
-0.141509
-0.032052923
0.2024081
-0.24280536
0.07747098
0.12622744
0.08453033
-0.25925145
-0.052459426
-0.016469266
-0.13637546
0.04162197
0.11288592
-0.06643052
-0.05806105
0.15864322
0.19607326
-0.17588007
-0.2067884
0.24059403
-0.041494593
-0.14477432
0.1103785
-0.095563725
0.08455728
-0.038280148
-0.066476785
0.050865997
0.3888824
0.17130722
0.16346101
-0.009816726
-0.09819415
0.11506596
-0.26284727
-0.07291127
0.15634297
-0.10288412
-0.22875138
0.0994829
-0.015174959
-0.040940244
0.09981235
0.12891607
0.4215825
-0.11378756
-0.04456487
-0.09787125
0.0133624105
0.005756269
0.014559647
0.14012203
-0.11282587
0.5496558
-0.005241401
0.07027356
-0.0049411003
0.099277936
0.23496167
-0.03106692
-0.23133479
0.2065607
0.15200593
0.23249194
-0.050617237
-0.19966993
-0.1048125
0.2455354
-0.032173555
0.24998367
-0.16703363
-0.0581624
-0.087605834
0.16824715
0.22365242
-0.10453868
-0.14002685
-0.075145476
0.050616827
0.07270755
0.32696667
0.113205075
0.0780504
-0.12550671
0.022296144
-0.08363897
-0.026761143
0.10876279
0.13208593
-0.12488206
-0.12435297
-0.66812134
0.2488671
-0.0253275
-0.15499052
0.103665344
-0.056347456
0.075016074
-0.14131847
0.17265476
-0.21147743
0.0021789204
0.23340167
0.043287117
-0.21961169
0.08554495
-0.042417187
-0.24819162
0.06159289
-0.015041933
-0.18872875
0.26316568
0.11579567
-0.03221447
-0.07693367
0.03285093
-0.23906308
-0.0155439
-0.37426862
0.07190644
0.09056899
0.21643168
0.043236803
-0.14094846
-0.055926405
0.1981512
-0.25802675
0.047990445
-0.112155825
0.14562045
0.23382026
-0.3890814
-0.21006395
0.06829914
-0.12278619
-0.1552714
-0.0015359402
-0.22949655
-0.046751786
0.16226618
0.02635371
0.0420601
0.17916209
0.028467895
-0.0818799
-0.71599716
-0.44617164
-0.3401008
0.1681745
-0.046424076
0.2006085
0.27546334
-0.10413512
-0.1297147
-0.28282386
0.17569464
0.354242
-0.02300582
-0.16932736
-0.18934178
0.10715254
-0.040437326
0.37233716
-0.07433154
0.021114921
-0.14060213
-0.24512884
-0.047870092
-0.022041881
0.018451242
-0.0264254
-0.038390674
0.35246047
-0.018393489
0.002002492
-0.054171756
0.24305837
-0.07769229
-0.15390775
-0.15127909
-0.024532063
-0.19869894
0.30554923
-0.4459057
0.053910982
0.09661741
0.08166532
0.068156034
-0.28395516
0.1734611
0.10793393
-0.3682472
-0.009210533
0.06517051
0.30829754
0.02177203
-0.026590073
-0.41741818
0.023416983
-0.08070398
0.062242698
-0.22077416
0.17944841
-0.06459676
-0.16714899
0.2292426
-0.14905983
0.2780385
0.34110695
0.09827252
-0.15380305
-0.3151306
-0.21397462
0.22232433
-0.24640095
0.23235656
-0.045424066
0.07513598
0.1360476
0.20026252
0.34384403
0.21007587
0.011398924
0.098421395
-0.20332636
0.06355956
0.27864477
0.25831905
-0.069785975
0.111533925
-0.19460207
-0.2395611
-0.11849535
0.051776648
0.13485049
0.09855901
-0.0878696
0.068081245
0.09662598
0.09914589
-0.08937029
0.19957729
0.2110421
-0.012193589
-0.118474744
0.1392702
0.21365093
0.084335595
-0.2925217
0.3652248
0.3654995
-0.079834096
0.05939075
-0.2696251
0.072792806
-0.14314464
-0.3065919
0.065803215
0.044641264
0.24807477
0.34629077
-0.07890656
-0.40981513
0.14212188
-0.18335056
-0.018065663
-0.1242989
0.29358536
-0.24243174
0.10350884
0.10739881
0.31774706
0.09144085
-0.0049790815
-0.034452222
0.032505132
-0.18148133
-0.032293882
0.07588961
0.008648834
-0.14032255
-0.21509632
0.041275375
0.040381152
0.044234686
-0.043068167
-0.08176272
0.00589585
-0.09184066
0.32294104
0.02776737
-0.28573033
0.16450122
-0.10722657
-0.2816015
-0.026930738
-0.02688887
0.043174263
0.21882202
-0.24998021
0.22199334
0.08038898
0.12067021
0.32676235
0.04522974
0.069771305
-0.06250445
0.116681494
0.11680977
0.25104013
-0.16179818
0.30598232
-0.11795408
-0.22059955
-0.110581875
-0.20844698
0.0063284747
0.08112175
-0.051912814
0.062129483
0.076562986
0.38338694
0.10944341
-0.10002677
-0.34404287
-0.2061574
0.005493907
0.004711391
-0.32848603
0.04920975
0.027605575
0.0074955537
-0.4697232
0.26018202
0.021831805
0.03247242
0.09204421
0.0091646835
-0.26013842
0.03773557
-0.2301919
0.09425481
-0.33108574
-0.03516025
-0.093627304
0.36302143
0.0706163
0.19932428
-0.011019304
0.20342274
0.024251843
-0.03213801
-0.026915647
0.251289
0.21220066
0.16141622
-0.004057444
0.07392433
-0.2974216
0.031106459
0.0070999246
-0.21490538
-0.10772716
0.096462704
0.14744124
-0.015603302
0.23090963
0.13720232
0.04102737
0.03542205
-0.055252407
0.3239313
-0.15728067
-0.027592523
0.16641502
0.2587155
0.13680892
0.1767237
-0.44849336
0.16388446
-0.13170257
0.20509723
0.11988383
-0.21666452
0.07375698
0.11416292
-0.5611104
0.20013508
0.107112646
0.14811394
0.5158448
-0.102982365
-0.45128128
-0.06297697
0.20234959
-0.013884614
-0.07659974
-0.15536341
-0.023270544
0.031604905
0.20635034
0.10882739
0.10941041
0.187416
-0.2810931
-0.3856572
-0.4425227
-0.34815276
0.22568299
0.052530065
0.02323296
0.14903155
-0.025297662
-0.009407474
0.12658274
0.023433909
0.42247653
-0.07295676
0.06275114
0.045606818
0.067724824
0.22093675
0.2724114
-0.22161967
0.06220364
-0.18124194
0.21718879
-0.0070946114
0.08994498
-0.3180419
0.023246575
0.4584734
0.14749993
-0.03458247
0.01564507
0.07001853
0.03315265
0.0654817
0.0269128
0.04334083
0.060676623
0.019228274
0.2853956
-0.2555268
-0.07049856
-0.17174128
0.1088835
0.24465597
-0.4021946
0.059284344
0.07570351
-0.25908282
0.015704047
0.035340287
0.11534225
0.31146944
-0.32395098
-0.23698322
-0.08300438
0.016124878
-0.0249339
-0.020572577
-0.19735692
-0.048082758
0.097615734
0.3761834
0.019647643
-0.06849336
0.02143108
-0.16958623
-0.33496198
-0.43842968
-0.46629515
0.0972182
-0.01759916
0.15928335
0.15151124
0.14466937
0.18410698
-0.0040822597
0.0044766758
0.34078377
-0.15171416
0.2692909
-0.1094872
0.07282827
0.311074
0.0037685868
0.27000368
-0.12491357
-0.4738092
-0.397202
0.022359433
0.091395415
0.45390463
0.06436366
0.12411027
-0.09482228
-0.00697887
0.07208875
-0.07861082
0.06678187
0.24936295
0.012289136
-0.17782663
0.042828627
0.006923273
-0.154132
-0.32844213
0.35135278
0.064238444
-0.10915876
0.13376929
-0.3411917
0.04258461
0.0785448
-0.4878478
0.027354231
-0.13736227
0.3078594
-0.023439659
-0.21291848
-0.20542902
0.14752604
0.06477385
-0.17496578
0.2281641
0.5273333
-0.3299812
0.0036845026
-0.23807675
-0.111924104
-0.22207643
-0.0053857327
0.029138222
-0.06309526
-0.19018096
-0.55502427
-0.3235104
-0.12711671
0.07019153
-0.057708614
-0.004340404
-0.006683659
-0.25904644
-0.071053244
-0.38076282
0.0962296
-0.17456153
-0.34830928
0.10183493
0.05268177
-0.015086591
0.16570006
-0.09424626
-0.85462284
0.03201004
0.3275385
0.08996365
0.3408459
0.008575293
-0.08549054
-0.023700742
-0.12043872
0.09830077
-0.0306605
-0.35544917
0.13177608
-0.017345175
-0.08369717
0.14928254
-0.10484812
-0.074472725
-0.11933402
0.028724737
-0.19521299
0.07918122
0.17870802
-0.1997768
0.006858227
0.141433
-0.350121
0.22685231
0.26917803
0.12920596
0.0833502
0.20455222
-0.11484065
0.018624498
0.06975459
-0.054459263
0.09175673
0.13357744
-0.014661258
-0.10693252
-0.15204163
0.17415991
-0.28853017
0.1460214
-0.064853095
0.21580407
-0.03604229
0.0680322
-0.15520525
0.20075807
-0.042450264
0.22985385
0.21938185
-0.14339322
-0.020690568
-0.16696742
-0.53053266
0.21833809
-0.35042596
-0.053737015
0.20199233
0.16341703
0.25968334
-0.16059995
0.016682066
-0.38091904
-0.3051075
0.07136302
-0.09445031
0.14258617
-0.0015927799
0.1570634
-0.14955504
-0.08532666
-0.23812488
-0.047692765
0.23390949
-0.07597035
0.045625485
-0.26237717
0.028194387
0.03090028
0.13756903
-0.44786385
0.22972737
-0.07500861
0.08471032
-0.0657956
-0.43881112
0.071616106
0.15029572
-0.6603711
-0.09327239
-0.26406533
0.20273238
0.10444763
-0.023401212
-0.28985938
0.18649803
-0.09179616
0.14745866
0.068277515
0.4391152
0.119455606
0.0818484
0.21299389
0.24227782
0.10265427
0.036886666
-0.122376025
-0.1808067
-0.19033502
0.049280494
0.22571763
0.071336694
-0.17502408
-0.010788197
0.2593778
0.20332217
0.06861268
0.21471986
0.16880047
0.21938576
-0.3700897
-0.06118024
-0.04895702
-0.43600005
-0.27477285
0.19125932
-0.7951443
0.03943679
0.14890644
0.028171638
0.0034988415
0.32110646
0.093418606
-0.004879647
-0.22984968
0.0786483
-0.048363358
-0.102805145
-0.31571427
0.114825316
0.08970792
-0.4188616
0.015245422
0.075466916
-0.52808064
0.16798677
-0.30009326
-0.21044287
-0.4686912
-0.07052308
0.18246189
-0.14052345
-0.06739527
-0.04427919
0.02070893
-0.03960167
-0.2865396
-0.55657256
0.20221114
0.010144519
-0.27537623
0.20923568
-0.0014610275
0.052114706
-0.20005079
0.007928541
-0.12271184
0.07745191
-0.085541286
0.09760098
0.00016540581
0.03881447
0.05596342
0.22852944
0.23998402
0.013963248
0.189087
-0.2032122
0.13556485
0.06864714
-0.042341564
0.17664954
-0.19254665
0.046568304
0.09568959
-0.12515576
0.1839596
0.12545069
0.33985794
0.018509239
-0.2410887
-0.1948167
-0.22566539
-0.20047317
-0.01792939
0.046411477
0.2811612
0.1387352
-0.079417735
-0.16673657
0.18950212
0.17274067
0.07531407
0.039089546
0.15903926
0.009764782
-0.26494077
-0.00955315
0.0765524
-0.19587311
0.044383187
0.3027032
0.14074534
0.09802514
-0.11257316
0.039308343
0.31222814
0.1638984
-0.28913116
0.11949861
0.16573645
0.19684948
0.014068573
0.033886034
-0.22704369
0.23946363
0.05416839
-0.17937179
-0.13175343
0.27020827
-0.18281186
-0.011354592
-0.06597904
-0.085070886
-0.09847027
-0.21028182
0.17145343
0.12777239
-0.041980673
0.0074281367
-0.25227952
-0.16389076
-0.077715196
-0.028473832
0.29153237
0.0660517
0.21098828
0.07233592
-0.36880147
-0.07702768
-0.48280758
-0.03673003
0.06355295
0.20965758
0.2642314
0.042804033
0.20440257
-0.25108114
-0.14773682
0.23510762
-0.016856125
-0.14567229
0.019915946
0.19693266
0.111327216
0.18123703
0.11274645
-0.110635735
0.27418774
0.14959551
0.2158098
-0.19510591
-0.009666207
-0.10834486
0.18594028
-0.07518059
0.15067519
0.09023581
-0.16087686
0.17417158
-0.20699953
-0.06738785
0.11069103
-0.2653865
0.18106669
-0.18448432
0.034410868
0.24780208
-0.1598538
-0.48381358
0.07627802
-0.110960685
0.038311273
-0.058614876
0.10635715
-0.1838358
0.05012082
0.11683703
-0.21552172
0.14741813
-0.03905005
0.046619367
-0.17217113
-0.71586806
-0.2546498
0.267786
-0.12896395
-0.067775875
0.2950205
-0.18844225
-0.0073989406
-0.0028061748
0.2473004
0.11133568
0.14615339
-0.008946318
0.21140288
0.16065027
-0.017481228
-0.44092894
0.011996073
-0.020778084
0.043000963
-0.10234962
-0.024199268
0.045592625
0.06385277
0.06417885
-0.2472741
0.013284358
-0.051370237
0.23709743
-0.07859205
-0.12377083
0.10795797
-0.15709816
-0.34060976
0.08388427
-0.11907166
-0.07662535
0.25458312
0.033341795
-0.15453158
-0.019460974
-0.21430516
0.007808655
-0.0080289915
0.1532734
0.06280277
0.004078862
0.06916985
-0.20325354
-0.16109121
0.03169256
0.12937537
0.2530703
0.22553772
-0.26034024
0.14023164
0.14953098
0.020752706
-0.09900085
-0.28465226
-0.070944786
-0.33493903
0.08405384
0.19811155
0.22344162
0.32838792
-0.015049175
0.03239955
0.020306889
-0.1546051
-0.13883334
0.14759894
0.078547135
0.12902068
-0.16061728
-0.44711483
0.12027037
-0.033936776
-0.081881225
0.04442717
-0.3160545
0.020173457
-0.030409232
-0.028919486
0.386603
0.044512626
0.17116843
0.13175637
0.012038548
-0.16291334
0.059536908
0.2396644
0.01488256
-0.42685997
-0.010568121
-0.022861676
-0.45742998
-0.17931853
0.51653725
-0.18157744
0.051165078
0.11661271
-0.038077347
0.019067388
0.10099043
-0.0017143085
-0.16591449
-0.08371499
-0.22877824
0.12129292
0.04832399
0.06069444
-0.15253358
-0.0051602945
-0.05109369
0.26257268
0.17291526
-0.15442564
-0.003416965
0.25734282
-0.72180283
0.0116077615
0.080310054
-0.15518029
-0.0091186995
-0.35731143
-0.068217486
-0.059907164
0.017835498
-0.23020063
0.033248525
-0.21619444
0.024028111
0.039117444
0.2567114
0.21878284
-0.18623252
0.017449075
0.12476969
-0.066605516
0.21208909
0.5040495
0.16357617
0.21735986
-0.0059384126
0.020335477
0.29054198
-0.2072748
0.1330754
0.04903826
-0.08379524
0.027972393
-0.05900363
-0.435031
-0.06824325
0.043199815
-0.028204858
0.1306853
-0.18639074
-0.17242764
0.3255952
0.13117503
0.16318482
0.2656665
-0.1291636
-0.065267816
0.20430982
-0.38751817
0.048939377
0.1726094
0.21152408
0.18151651
-0.18516937
-0.28808695
-0.008125645
0.071790874
0.18511193
0.024864867
0.038055584
-0.08556703
-0.12598391
-0.46204346
-0.362031
-0.16945215
0.26825762
-0.1501785
0.15179548
0.13396807
-0.059011023
-0.1040989
0.12433538
0.34620315
-0.04081447
0.033898816
-0.25086293
-0.2007483
-0.27969494
0.1932348
0.026778579
0.032241855
-0.025605157
0.09465325
-0.09156295
-0.01758629
0.21587075
0.30377492
0.29965922
-0.0224515
0.0021384726
0.006481897
0.16578951
0.08582356
0.1433205
0.098120764
-0.35316288
-0.18412545
-0.083989345
0.08450793
0.25048384
0.14334574
0.13218117
-0.14125904
0.049008906
-0.16866343
-0.04680034
0.13215435
0.29209515
-0.0661915
-0.24747257
0.1192983
-0.08033482
-0.009118854
-0.2192535
0.3936332
0.10214924
0.015705206
0.27823478
-0.50432557
0.29884243
-3.1312273e-05
-0.39676923
0.14636225
-0.152245
0.3686963
0.326559
-0.17692542
-0.3258203
0.17036292
0.15192606
0.12196372
0.018175533
0.30115354
-0.011868557
-0.010069272
-0.123484425
0.24575914
-0.25863737
-0.11911877
-0.13556965
0.009615118
-0.39084142
-0.21435016
-0.37121934
-0.0829384
0.032849204
-0.046541654
0.24835838
-0.058927994
-0.2945119
0.0072692297
-0.291849
0.24688908
-0.077067
-0.21263371
0.16099207
-0.12378216
-0.043017674
-0.20441721
0.027741846
0.37431934
0.107477896
-0.04824088
-0.07958156
-0.15253024
0.0624871
0.08410315
-0.17577615
-0.10930901
0.07759
-0.081975244
0.118307926
0.080650486
-0.10684773
0.41124144
0.17696643
0.25803563
0.24442606
-0.15976131
-0.15560648
0.06359951
-0.12885381
-0.22668213
0.126406
-0.0780494
-0.0200646
0.2333775
0.14544185
-0.13224246
-0.050344765
-0.048658174
0.0032032954
0.37809858
-0.22505149
-0.040953778
-0.10846511
0.058405854
-0.35663635
0.030120844
0.021120384
-0.1397372
-0.17637388
-0.048821013
0.25828063
0.14577532
-0.033019945
0.027316941
-0.16900943
0.16078804
-0.10719816
0.09562992
-0.13553339
-0.318347
-0.05065189
-0.10114889
0.186996
0.19302352
0.0076612094
0.15678626
0.08359248
0.03461585
0.20800878
0.047655784
-0.18594623
0.30174014
-0.028727332
-0.10020149
-0.026001655
0.19309273
-0.27731526
0.01877582
0.10479733
-0.16604413
0.24233237
-0.09139169
-0.061351012
0.092258245
0.09850793
0.13568367
-0.18793851
0.07910032
0.02395882
0.19164473
-0.31138375
0.20315582
0.08557096
0.0003630246
0.27622104
-0.26581118
-0.015939813
-0.03823719
-0.16045368
0.010994683
-0.1702881
0.06727567
0.27539706
-0.07552006
-0.22495465
-0.045441903
-0.17116807
0.09746772
0.2551436
0.038595777
0.005073373
-0.041187223
0.08125723
0.12660742
-0.1697963
0.12450121
0.015738219
-0.11469436
-0.38445857
0.106513605
0.27167517
-0.2126782
0.15992352
-0.04453402
-0.0109269805
-0.12948103
-0.25929374
0.08872527
0.19738623
0.021339692
0.21613851
0.11043354
0.17204525
-0.2774846
0.015883816
0.0070856535
-0.095485575
-0.23996492
-0.0029156976
0.07483905
-0.032493148
0.10712006
0.05533289
0.14923096
-0.055919964
0.2001762
-0.07687274
-0.021605361
0.096536264
0.1738298
0.1676802
-0.2842568
-0.0367736
-0.07252147
0.0401212
-0.2434378
0.33276924
0.28319117
0.1415711
0.0053216517
-0.42178175
0.06721143
0.08040219
-0.012431286
0.19702445
0.002106883
0.0067099794
-0.044580888
-0.23818853
-0.24728473
-0.16523278
-0.18929298
0.12961186
-0.03926185
0.2042211
-0.17854957
-0.100230575
-0.08371163
0.111481585
0.010609794
0.05267363
-0.035096377
0.0047048815
-0.4212916
0.1367251
0.0023550377
-0.14793235
0.072684854
0.055080377
0.060069725
0.1970512
-0.051318455
-0.017039768
-0.0065893074
0.26316988
0.050395817
0.0774708
0.20758481
0.011823528
0.27845928
-0.27317834
0.093105875
-0.466989
-0.4356444
0.229918
0.019877803
0.4074069
0.11359265
0.10907251
-0.005346522
0.062137153
0.18646911
-0.14164211
0.013331574
0.13712125
0.104159005
-0.19605537
0.10304096
-0.27963188
-0.046920784
0.092732534
0.12545185
0.27133626
-0.084070556
0.061433163
-0.22006977
0.3149797
0.11606441
-0.022580704
0.16821396
0.02953434
0.42454633
0.016869463
0.11726102
-0.28684932
-0.0113929855
0.094849676
0.1018889
-0.1389776
0.1124236
-0.3116335
0.034334067
-0.16435167
0.14415382
-0.17586514
0.10596031
0.000492636
-0.05211665
-0.5641959
0.01736774
0.06790369
0.126842
-0.16762796
-0.10310904
0.19007535
-0.012881358
-0.0009651492
0.00016625093
-0.16501673
0.031083537
-0.26291865
-0.0973053
0.17039913
-0.872996
0.30293196
-0.38173983
-0.42944375
-0.54651576
0.16058744
-0.12721083
-0.030332224
-0.040081058
0.0015995097
0.16123135
-0.5269212
-0.08647226
-0.12677297
-0.04938411
0.17754102
0.08315335
0.15625693
0.0855318
0.30246782
0.19991845
0.1580019
-0.0059436243
-0.025370043
-0.6684292
0.014370074
0.11233507
-0.019602254
-0.10613307
-0.14598528
-0.0900792
-0.0027983072
-0.027968908
-0.21189788
-0.3111053
0.1900747
-0.1359085
-0.7600787
0.2657133
-0.050064728
-0.13163516
-0.23105271
0.12127786
-0.07001877
0.20783815
0.12120056
0.090281546
-0.06993757
0.22459385
-0.26014158
-0.2826783
0.05481083
0.101466365
0.016464384
-0.014763414
-0.084216304
-0.20459062
-0.2804332
0.115770675
0.21357934
-0.0005890296
0.016585296
-0.18156815
0.2255362
0.19492538
-0.0413548
0.5393944
-0.39840934
-0.008493972
0.1451713
-0.051428396
-0.18344913
-0.043699242
-0.042517513
0.11903796
-0.11989623
-0.10846135
-0.2702003
0.09152711
0.14682873
0.28761533
0.089571394
0.07970353
-0.09341797
-0.19084841
0.04429927
0.101234406
0.009247016
-0.084317885
-0.0329027
0.090829715
-0.14685495
-0.06221138
0.25197938
-0.070738904
-0.040189043
-0.025189722
0.15977752
0.031166485
-0.12885663
-0.006561873
-0.019990144
-0.22302854
0.00411195
-0.03881928
-0.045500882
-0.27524674
0.46783912
0.07935201
0.112173505
0.031445704
-0.012903012
-0.003302167
-0.060754653
0.0025179754
-0.54559886
0.12814803
0.06191255
0.25205293
0.038071226
-0.20520078
0.039593555
-0.07459993
-0.0065558557
0.14012484
-0.04554513
0.16694415
0.17894916
0.17756376
0.05490496
-0.031535782
-0.0121219
0.11244258
-0.047779918
-0.3296677
-0.16647036
0.20420927
-0.13205925
0.6777481
-0.08703229
-0.10864837
-0.082212746
0.13989334
0.33179197
-0.010429197
-0.049711004
0.0070975283
0.03460518
-0.55708367
0.10452257
-0.0037724276
0.011967936
-0.020223776
-0.07918904
0.252455
0.064746246
-0.08395685
-0.062104274
0.030607253
0.030129462
-0.21711572
0.22928312
-0.045415536
0.23846897
0.12556458
0.31202763
0.17580873
0.2361429
0.062012997
-0.07281839
-0.13405485
0.19384454
0.18230335
0.010056122
0.027891286
0.12289574
-0.19338222
-0.04369145
0.203674
0.09837909
-0.098401956
0.13442267
-0.07243705
-0.02867283
-0.05281225
-0.019898012
0.22944415
-0.061449643
0.07415965
-0.0074918377
-0.25608176
0.19194193
0.040409524
-0.25957218
0.11766865
0.25053322
0.015271406
0.21552055
0.06359567
-0.29532245
-0.06785887
0.025238022
0.2991322
0.111394666
0.040504094
0.123655
-0.08504518
-0.080319196
0.13814025
0.13235992
0.17247726
-0.046541087
0.25048095
-0.28409034
0.10192596
-0.123688854
0.2890005
-0.13006277
0.2073962
0.07685638
0.01384002
0.15884392
-0.41624424
-0.0037098362
0.14900361
-0.23577948
0.3786527
0.12079114
0.53016984
0.13208102
-0.24272329
-0.23959415
-0.103651874
0.18220843
0.04492924
0.0225925
0.13432604
-0.115831934
0.41118485
-0.42880237
-0.0975821
-0.07563401
-0.18252753
-0.16962461
-0.24325123
-0.69219726
-0.06588923
-0.0855885
-0.0040377155
0.11129127
0.12392073
0.13065067
-0.057605226
-0.21145308
-0.04015936
0.11948737
0.09695372
-0.19426927
-0.2633615
0.1475054
-0.09934157
-0.01565532
-0.0463187
-0.15556848
0.48927727
0.26069963
0.29819778
-0.13519016
-0.112426504
0.074008144
-0.14898734
0.05077506
-0.18747045
0.090261295
0.04422927
0.11027271
-0.20804943
-0.08399579
0.23192829
0.13299051
0.0013929168
0.047900535
0.1473816
-0.07883707
-0.054119773
0.15041704
-0.06644856
0.06281839
0.06479797
0.011080218
0.1656656
0.25275937
0.22904263
-0.29119006
-0.34602338
0.05940432
0.10752412
-0.36605564
0.11916942
0.16187784
0.04105148
-0.17161672
0.25067803
-0.08346148
0.18580684
0.048289325
0.25945905
0.1358529
0.10033681
-0.07383755
0.024457574
-0.18687156
0.23413102
-0.07483246
0.09245117
0.026896717
-0.11262724
-0.0042152503
-0.043120243
-0.28544852
-0.0061611687
-0.36622095
0.07348317
0.025299821
0.098626636
-0.4597667
-0.24991989
-0.043130923
-0.053705487
0.2200721
0.08223293
-0.18520127
0.03949319
-0.60827905
-0.07526896
0.050191987
0.28238267
0.2510231
-0.26119077
0.09519002
-0.17781283
-0.19525251
0.0029667895
0.13299884
0.17024274
-0.08922938
-0.2957423
-0.021389669
-0.009896176
0.10561892
0.11191231
0.12534094
-0.1210507
0.04162792
-0.059897695
-0.06752426
0.20789579
0.03215681
-0.14025557
-0.25829032
-0.128344
0.25388318
-0.11536741
-0.12655386
0.029018708
0.109797
-0.52763355
0.09675506
-0.1599785
0.0048945895
-0.0401156
-0.12680995
-0.1917014
0.31765836
-0.3155836
0.0748356
-0.3105473
-0.070433564
0.37015292
0.110911615
-0.16180664
-0.114138804
-0.32966626
0.16611573
-0.006202363
0.096109726
0.016149273
0.28520226
0.18637754
0.15841596
0.1413862
0.13883823
-0.31851876
0.30091593
-0.07236911
-0.021378472
0.0360271
0.04950712
0.041703347
0.23109874
0.18443187
-0.010684592
0.09175862
0.23791148
-0.097487755
0.02119405
-0.0803387
0.21186501
0.23661606
0.029060451
-0.100276835
0.13628075
-0.2006567
0.11234417
-0.051875368
0.14282747
0.20736295
-0.16648199
-0.044343375
0.19190885
-0.27757084
-0.069892794
-0.07886945
0.2300183
0.3150081
-0.19057661
-0.38690665
0.008997588
-0.23197766
0.1466892
0.21940392
0.08700093
-0.06303787
0.12845606
0.007381208
-0.2298618
0.21555802
1.0628037e-06
-0.071842656
-0.29567912
-0.3933938
-0.20415552
0.088897385
0.011903954
-0.04268084
-0.100653194
0.14755231
-0.2354707
0.062184073
0.15360215
0.18879671
-0.019321842
-0.12198854
-0.050800305
0.0680981
0.2333129
0.2071122
-0.06500079
0.039416183
-0.34580386
0.14273968
0.16824998
-0.009573222
-0.076855175
0.10863941
0.20259617
-0.2132807
-0.040741924
-0.022200432
-0.0065216445
0.0018927719
0.35272437
0.11177114
-0.1123275
-0.11519712
0.19902426
-0.25749606
-0.3607333
-0.2662845
0.13468207
0.051418845
0.08953447
-0.13173275
-0.017911078
0.08927234
-0.1503325
0.28916404
-0.03559771
-0.055748604
-0.42023927
0.17496708
0.044612214
0.24615562
0.35421804
0.17349571
-0.15692876
-0.07146581
-0.43400446
0.082339026
0.043021336
-0.17239697
-0.36850673
0.07066656
0.091749415
-0.35377517
-0.16710831
-0.36298066
-0.24995509
0.24058974
0.020007
0.06666383
-0.12251418
0.13448337
-0.09156513
-0.31899014
-0.47364154
-0.09160204
-0.27411765
0.13806118
0.18814613
-0.0021217328
-0.0026182672
0.09717866
-0.08935559
-0.5650037
-0.17246349
0.033145763
-0.10730764
0.36837977
0.23509443
-0.104907125
-0.26503626
-0.070517994
0.3956229
-0.0023513609
-0.2778508
0.13559902
0.30497724
-0.23748866
0.12090672
-0.14871438
0.07518712
0.036693558
0.059207402
0.11177905
0.07846082
0.12200734
-0.07065845
-0.07863848
0.034154683
-0.14875926
0.033607617
0.01683884
0.14195487
0.18202382
-0.2719084
-0.15324976
0.15750244
0.15447226
0.010938917
-0.03456074
0.07329139
-0.2055319
0.25502467
-0.013389764
-0.04866875
-0.03897625
-0.18995923
0.11907865
0.17829198
-0.16818397
0.23329657
-0.13959503
0.109683014
0.25423428
0.029440336
0.095743865
0.17393735
0.037039395
-0.11794454
-0.5074928
0.07003774
0.0166672
-0.52322024
0.13208885
-0.026787259
0.18149048
-0.106159136
-0.06348301
0.041619595
0.02400924
-0.15857051
0.15916786
-0.29287001
-0.05430623
-0.031397905
0.259834
0.124519736
-0.27577025
-0.09117006
0.12669869
-0.05703711
0.10098694
0.06797835
0.0012509371
0.08064669
-0.119791314
-0.1210146
0.21173406
-0.10564649
0.107740685
0.053391002
-0.081197396
0.13695599
0.3576499
0.13573284
-0.020922208
0.16239777
-0.31944206
0.09600938
-0.09887508
-0.13163339
-0.48000556
0.11245047
-0.029063001
-0.053680874
-0.40945867
0.05328752
0.04262444
0.2015221
0.0894537
0.35675687
0.026826184
0.03943624
-0.07416134
-0.18645729
-0.09518624
0.19514477
-0.012374214
0.059966132
0.0917059
0.028300036
-0.1808121
0.033986725
0.057596233
0.20320535
0.22994936
0.091805324
-0.13069186
0.17358176
0.18981697
0.15811019
-0.3250162
0.11367653
0.016179824
-0.39665568
-0.021751408
-0.055095743
-0.31591257
-0.13358253
0.048213508
-0.20022993
-0.10532914
0.173263
-0.11492484
0.13216044
-0.07408802
0.28050157
0.050735336
-0.10689742
0.1461285
0.21530223
-0.49431285
-0.57407945
0.030483225
0.074728
-0.40924352
-0.4015976
0.004386451
0.1553125
-0.53534836
0.024768515
0.07842207
-0.32915896
-0.4882913
-0.21589449
-0.32118168
-0.24699011
0.0029284153
-0.09556054
-0.14539732
-0.2670866
-0.0030026403
-0.04402075
0.20766957
0.05943805
0.23263653
0.66339564
-0.25193816
-0.3955974
-0.42507002
-0.33855188
0.216004
-0.046278726
0.14431483
-0.11316933
0.1585959
0.034958214
0.23078927
-0.0518053
-0.87436616
-0.15558603
0.011195152
0.038618434
0.12997903
-0.014568132
-0.033782594
0.059355237
-0.017502446
-0.35767892
-0.1978616
-0.06071113
-0.014294083
0.4234826
0.08903017
-0.058313806
-0.02943549
0.18080518
0.36343995
-0.19828065
-0.08368221
0.09567957
-0.13936217
-0.26999852
0.14564519
-0.21602774
-0.20236912
0.14949602
0.09459834
0.16013438
-0.29333168
0.1888275
-0.008490513
-0.1343781
0.18187138
-0.45256987
0.080044635
0.18304878
0.13067995
-0.027330443
0.16956095
0.113184184
0.10128173
0.024913166
0.06327079
0.19071469
-0.09969414
-0.10538699
0.2265718
-0.14027931
0.124128334
-0.42247412
0.044764943
-0.15942957
0.25728348
-0.20013744
0.007741467
0.03736035
0.04976454
-0.1209111
-0.051360272
0.20137276
0.25312486
-0.32020792
-0.3449033
-0.53926027
0.2930313
-0.21225849
0.15875077
0.11497884
-0.015209162
-0.034444757
0.090089135
-0.008252985
-0.33726138
-0.081754975
0.102173805
-0.0466403
-0.01677167
-0.18547294
-0.0010246389
-0.09370505
0.10519979
-0.12245067
0.19445914
0.14289321
-0.040502954
-0.022928828
-0.019516505
-0.07597316
-0.18418166
0.023804998
-0.081402235
0.052786913
0.13529333
0.084409475
0.24946862
-0.21168505
0.18775572
-0.05404822
-0.57461804
-0.06483951
0.07493491
0.2940986
0.11406333
-0.15356804
-0.22885479
0.278381
-0.075272165
-0.09994098
0.00479069
0.30911815
-0.20944884
0.16975163
-0.06976988
-0.17559224
0.010325707
0.19205444
0.034906857
0.1699506
-0.3117185
-0.15013672
0.118633635
-0.0859464
0.0077992156
-0.10591952
0.23660986
-0.12200593
-0.06367779
-0.042192742
0.21612398
0.12784286
0.08401999
-0.088913456
0.047255993
-0.9455046
-0.1587009
0.02558133
-1.1007527
0.16796799
0.19813305
-0.0005086884
-0.080523096
0.076811306
0.08006625
0.08960366
-0.09471766
0.1269479
0.07091867
-0.13623641
-0.24029729
-0.08896849
-0.19108076
0.2766315
0.23447306
0.30541047
-0.5454737
0.14464642
0.018682787
-0.30128586
-0.076352805
0.16735315
0.107058264
-0.31344968
-0.27627733
-0.3486196
-0.03132958
0.047414575
-0.10417957
-0.53337944
-0.07992361
-0.22245795
-0.103218205
0.14068873
-0.26391163
-0.0063911197
-0.1747676
-0.054481853
-0.27274397
0.23199268
0.040141113
0.07452247
-0.15669122
0.15799442
-0.0020886494
0.21050014
-0.104279585
-0.008234329
0.039750516
0.094320334
-0.037497923
0.13082568
-0.027045362
0.2397529
0.12785539
-0.114566565
0.10956266
0.15692078
-0.15549433
0.124037944
0.055481672
-0.12614396
-0.39298272
0.066289015
-0.02655108
-0.10933695
0.3409194
0.1302663
-0.14229518
-0.0061701043
-0.07434441
-0.081771396
0.05092035
0.030235047
0.17598952
0.34852794
0.14364626
0.08704631
0.10293977
0.06775069
-0.13584758
0.22824495
-0.49728346
0.11337166
-0.17787664
0.034283333
0.04359413
-0.04462967
0.06905368
-0.089497186
-0.6459776
0.15061407
0.043962467
0.084928915
0.2340585
-0.105691284
-0.6018534
0.19117822
-0.15743111
0.10475044
-0.02306017
0.009890111
-0.111025125
0.09467119
0.1573432
0.11246512
0.1417174
-0.064119846
0.06784106
-0.2092325
-0.1893687
-0.19250524
-0.0124610765
0.10098909
0.2595897
0.020257084
-0.10735625
-0.01267925
-0.16021726
0.03526086
0.37402478
-0.11298496
0.13824397
-0.07340864
-0.0015060586
-0.1223232
-0.3614437
0.064789124
-0.34482214
-0.21044312
0.19139154
0.21583265
0.13993846
0.12882037
0.20572543
-0.00048664302
0.13626477
0.08858045
-0.006895025
-0.07913732
-0.38742116
0.0117366705
-0.11857195
-0.33062148
0.08026894
-0.076244675
-0.32859308
0.2973356
0.10161577
-0.09892253
-0.071701854
0.0852951
0.20293495
0.020547876
-0.0970949
0.06693062
0.11409831
0.29674512
-0.03465891
-0.2142308
-0.14703883
0.2108912
0.009381839
0.20307262
0.029856687
-0.13114236
0.002819172
-0.18465337
-0.024641966
-0.26594335
-0.041825272
-0.31081197
-0.10179299
0.22906117
0.15186745
-0.14641373
-0.16081417
0.039522305
0.057291303
0.016829628
-0.12059123
0.18573134
0.12834987
0.45038688
-0.083854534
-0.5050637
-0.0006899741
-0.010422454
0.07690763
0.1486121
-0.058737565
0.11522778
0.21218787
-0.058950156
-0.20219724
-0.085576355
-0.0341093
-0.053416077
0.061990123
0.19344908
-0.13814978
-0.0076451665
0.21986403
-0.012220539
-0.120196305
-0.16136281
0.09675571
0.091386326
0.12154025
0.08944226
0.08343815
-0.35743353
0.28706208
-0.29746306
0.0584802
-0.029480606
-0.039999314
0.19004019
0.12192129
-0.0140168825
0.03792626
0.13543293
0.3139064
-0.14076559
0.017903771
0.25107938
0.034014914
0.14198242
0.026545342
-0.10307429
0.023830773
-0.16850598
-0.033529375
0.047205433
0.036643375
0.29201743
-0.30743054
-0.1929361
0.11955062
0.42623168
0.113255806
0.2569715
-0.052517906
0.17754146
-0.025630314
0.2215981
0.006755743
0.1540289
0.0021000446
-0.19697818
-0.6335777
0.026585227
-0.15334758
0.116828576
0.1763941
-0.12282664
0.11899827
0.026399327
0.020723023
0.042008813
0.027223062
0.004863082
-0.20637819
0.3064253
-0.010308874
-0.08122558
0.051463712
-0.045205835
-0.121556245
0.09318784
0.042114217
0.19850703
0.063699685
-0.14457446
-0.24280483
0.022068731
-0.20340645
0.097055964
0.07699138
-0.105750754
-0.28643855
0.33640578
0.22654684
-0.052412294
0.18266292
0.32272664
0.124591336
-0.018461991
-0.477015
-0.30029953
0.04566161
0.07191141
-0.1832275
0.015216688
0.22725853
0.05424473
-0.6316463
-0.053519692
-0.017651696
0.14550835
0.012291478
-0.0681796
-0.37725264
0.016796717
-0.29915917
-0.032334268
-0.08645556
0.13930164
0.011976539
0.08265072
0.1436876
0.105487384
0.06424096
0.05195142
-0.02687039
-0.42586976
0.12388331
0.14860323
0.11713239
0.12714477
-0.10278154
0.043089267
0.093212366
0.22632477
0.3817249
0.029065292
0.22064587
0.21294832
0.1409622
-0.3061935
-0.18119955
0.03325209
-0.18629497
0.11003857
-0.08865695
0.022722417
-0.09753296
-0.05286207
0.110246316
-0.3561898
0.069649845
0.22732046
0.05584746
0.22203599
-0.09741497
0.36715525
0.066031836
0.29895046
0.041593447
0.026005182
0.11474698
-0.05155254
0.1462343
0.35452205
0.28263122
0.108429454
0.11979932
-0.06470715
-0.22507174
0.18040213
-0.017560432
0.3354375
-0.07478204
-0.10445112
-0.13706718
-0.10541309
0.1275417
0.05836623
-0.19008903
0.034212027
0.09000634
0.21241966
0.18930002
-0.21517158
-0.18422551
-0.077120826
0.13330063
0.06909578
0.0023821942
0.25710717
-0.05661047
0.033190165
-0.09515582
0.12333382
-0.09084255
-0.070280515
0.2057816
0.09267332
0.056812327
-1.7476357e-05
0.036905933
-0.03827321
-0.01761042
-0.04844762
0.22185682
0.0027369952
0.038237773
0.014448238
0.0522464
-0.020913579
0.05199068
0.018497666
0.2975246
-0.04572046
-0.083868936
0.088209935
-0.17860103
-0.041256215
0.15101993
0.027270546
-0.063180014
-0.08348414
-0.07225961
0.10910043
-0.07628635
-0.039701782
-0.20522918
-0.08929809
-0.104156345
0.2807291
-0.06671835
-0.06966516
-0.01364279
0.18522394
-0.009961456
-0.16882156
0.025286624
-0.04703492
-0.021516357
-0.12957995
0.25171268
0.049553845
-0.08153026
-0.13243034
0.15987596
0.09704161
-0.029346809
-0.18790251
-0.08737692
0.036489353
-0.22826022
-0.054828428
-0.030814342
0.35175276
-0.03487777
0.0021100596
0.040602785
0.05623444
-0.13901298
0.03416763
-0.2138461
-0.13607131
-0.6268893
-0.28042173
-0.00012797941
0.077634014
-0.15269007
0.23319572
-0.23284781
-0.12924285
-0.23925582
-0.34903583
-0.26659533
-0.24024245
-0.7441188
-0.13280785
0.0655712
-0.0029802006
-0.116253264
0.105264634
-0.1205032
0.008390298
-0.075255446
-0.37478837
-0.049743764
0.042045213
-0.18527114
-0.047438003
-0.22198355
-0.27392325
-0.16398847
0.002878863
-0.3486629
-0.11708724
-0.14130118
-0.16080125
-0.29185176
0.08009523
-0.047923017
-0.0807865
-0.1128421
0.04498039
-0.29316637
-0.39990172
-0.46144822
-0.12901914
-0.062040124
-0.19259584
-0.39804134
0.090252474
-0.45846936
-0.21293022
-0.06922135
-0.34000862
-0.28507456
0.2383213
-0.3289955
-0.015393135
0.11169832
0.016265713
-0.2978099
-0.16252398
-0.44027016
0.2226718
-0.40845516
-0.075313024
-0.289166
-0.15731794
-0.0895573
0.0011862036
0.0437891
-0.053237908
0.053666692
0.12348334
-0.0774068
-0.002425012
-0.010664165
-0.124430574
0.11679915
-0.00887654
0.06290205
-0.30028778
0.0653357
0.08416287
-0.09159414
0.06698236
-0.1226648
-0.08783705
0.003523784
0.111443385
-0.093911685
-0.16628887
-0.0011800883
-0.020294618
-0.1264641
-0.07764416
0.051324543
0.15176493
-0.045123197
0.23836526
0.04286738
-0.09333577
0.04835931
-0.22280778
-0.121484526
0.0031026576
-0.03365958
-0.07013377
-0.00610495
0.030081008
-0.13027453
-0.06062734
0.10294304
-0.02756058
-0.05627644
-0.026175853
-0.045535933
0.2443011
0.101686336
-0.053549163
-0.5268537
0.099898964
-0.0003782336
0.11361492
-0.03206698
0.10999472
0.1846931
0.045731
0.15310958
-0.020758497
-0.06756826
-0.11061774
-0.44434878
-0.15893193
-0.00058560795
-0.05619883
-0.2128523
-0.1350507
-0.25787622
-0.044265512
-0.13781935
-0.32824844
-0.27765477
-0.30393443
-0.7859391
-0.05007996
-0.14116175
-0.1801826
-0.046660792
-0.005561751
-0.27815035
0.08755474
0.018001925
-0.34905896
-0.04862838
-0.031850394
-0.19660632
-0.06973033
-0.26928523
-0.13419606
-0.047738615
-0.08850587
-0.33669636
-0.041306637
-0.21965353
-0.11901208
-0.21284486
0.15116426
0.40295967
-0.045703966
-0.22355512
0.19707215
-0.17645815
-0.3284869
-0.36986423
-0.24572521
-0.16097169
-0.20784456
-0.22814095
0.13263579
-0.43321452
-0.043398265
-0.2308718
-0.29286957
-0.27609468
-0.04561465
-0.19955787
-0.08559305
-0.14749523
0.15059148
-0.29624078
-0.28965077
-0.4484747
0.19169357
-0.40170327
0.0
1.0