6
4
2
64
64
tanh
tanh
Affine
4.361276
0.8951445
0.09350004
0.02432601
-0.33307165
-0.2603907
0.073380664
-0.122930795
-0.6170489
0.07001356
-0.4884051
-0.8926006
-0.2451981
0.14054896
0.72660506
-2.2695262
-0.36338526
0.4911656
-0.5514769
0.18602942
0.034537554
3.7723129
0.6829535
-0.15429327
-0.052815687
0.26505998
-0.3321927
0.027795985
0.7669849
0.23516126
-0.111201935
0.2562444
-0.58986413
-0.29555735
0.07029136
-1.5246929
0.065409556
0.11469405
0.5285287
-0.33344972
-0.17542215
0.061727636
0.46307015
0.4276547
-0.14344224
0.9812052
-0.15318543
-0.011914027
0.04767475
-0.00056599744
-0.2541005
0.36715826
0.44696006
-0.05613856
0.77921087
-0.055321384
0.26945415
1.2563547
0.10670714
-0.2194569
-1.0218848
-0.19083373
0.14188568
0.62374103
-1.4461452
-0.052856214
-0.062371995
0.05601269
0.50643235
-0.054223392
0.2227199
0.3473585
0.31533548
0.78754836
0.22408065
0.39052317
-0.037278026
0.85702145
-0.1732304
-0.16052969
0.2671318
0.10636183
-0.44384542
0.015453817
0.05786957
0.06253224
-0.50656
0.41152638
-0.14848454
0.3761301
-0.031672217
-0.06777972
-0.4104383
0.17771308
-0.8384296
0.11214995
-0.50478005
-0.0029435875
-0.0015226604
-0.02762241
0.06558424
-0.00255469
0.21456105
-0.8523853
0.094562106
-0.025448289
-0.21990342
0.08364898
-0.1504683
-1.402356
0.335422
0.17398284
0.41875336
-0.23485161
0.7951315
-0.028961865
0.58455473
-0.49227476
-0.058214612
0.16378905
1.6779711
0.5858185
-0.22863986
0.2403035
0.30710527
0.031002192
-0.09326566
0.3515239
-0.51695776
0.596872
-0.34004346
-0.28707615
0.099673375
-2.856395
-1.7414389
0.8131575
0.22173582
-0.1704852
0.5884598
-0.021784289
-1.0338886
0.4943624
-0.3263381
0.24538796
0.16689797
0.2589979
-0.009920456
1.4145575
2.1929724
-0.45492452
-0.39893258
-0.28424895
-0.3124755
-0.09185204
0.28986758
0.37242174
-0.19850983
-0.07238332
-0.9257962
-0.10261161
0.14128831
0.055292197
-0.17389856
0.64576346
-0.22972648
0.74780905
-0.48954675
-0.10224623
1.9470993
-0.32528347
-0.45898294
0.016116798
-0.09303667
-0.2009205
-0.07646379
-1.2846943
0.83305246
-0.22634254
0.05709686
0.6787918
-0.19641383
-0.052158684
0.12559448
-0.022504825
0.08364217
0.7951653
-0.2966606
-0.03385738
0.12574853
0.12224875
1.0023197
-0.35241476
-0.04952323
0.8937121
-0.051944274
-0.077009596
1.0581075
0.30625474
0.4405441
-0.48033187
0.12088717
0.19567847
-0.06895642
2.5342498
0.55595404
-0.83677864
-0.06326287
0.33197504
0.15957615
0.014251313
-0.024877088
0.15299352
-0.6048483
-0.031040255
-0.4696463
-0.29684404
0.03647933
0.31882226
0.45935446
-0.24553443
0.18550135
0.7122387
-0.72784996
-0.08012491
-0.51507133
-0.013582387
-0.30685753
-0.6827617
0.22905397
0.43383765
-0.12473663
-1.8734835
-0.2377224
0.7126319
-0.18534823
0.3599176
-0.2425571
-0.074370325
0.056721445
-0.0023982667
0.6294206
0.018224388
-0.3644772
-0.36560667
0.095937304
0.013050438
0.55789167
0.11276783
0.29980087
-0.7983765
-0.4520569
0.17095247
-0.14498584
0.85374063
-0.16990426
-0.2638639
0.81241024
-0.5660064
-0.14208843
0.55416846
-0.71746236
0.47458124
-0.086394005
-0.53918684
-0.13300298
0.046140015
-0.2013318
-0.6288326
-0.5541036
-0.63352543
0.009235478
-0.16235392
0.021889715
-0.20409955
0.3822558
-0.79715544
-0.03496087
0.30878046
0.15610087
-0.03995439
-0.8650358
-0.9321492
0.6939259
-0.3621966
0.05316999
0.33615935
0.0033642552
-1.0027306
1.9024844
0.18361339
-0.12136892
0.19205189
-0.053324234
-0.03719902
-3.2577324
-0.56118137
0.5293343
-0.5603165
-0.27930295
0.36211595
-0.013970067
1.7481543
-0.43148366
0.11982691
0.61467147
0.23602472
0.20655146
0.04312362
-0.28327382
1.0215642
0.3734926
0.38694063
-0.6115114
0.055497926
0.11854894
0.574515
2.862136
-0.28258508
-0.7753464
0.542177
0.024869528
0.029311467
-0.7628847
1.1832182
-0.47764203
0.12337421
-0.17741214
-0.145596
-0.024109831
0.5070912
1.3286024
0.40548244
0.19772148
-0.5590567
-0.18304758
0.05275787
-1.8621234
-0.6494987
-0.1793981
-0.45256746
0.38864866
-0.1891781
-0.060183913
0.08915265
2.483357
-0.30633873
-0.23094332
-0.35240898
-0.44997457
-7.0686714e-05
-1.2957703
-0.20024343
-0.17821632
-0.21791682
-0.9993048
0.20944487
0.036101937
0.34627098
0.39860463
-0.0034638029
0.0037440232
-1.0710536
-0.3564745
0.1945115
-0.16628401
1.5116292
-0.44003874
-0.20532683
0.25996014
0.44235653
0.016922558
-0.630154
-0.052276038
-0.6634773
-0.7119727
-0.06289491
-0.07344982
0.0141458865
-0.11628055
0.4355799
-0.39196426
0.91278064
-0.084445365
0.018170819
-0.01013682
-0.08990253
0.4806946
-0.7727068
0.52560097
0.29586518
0.10038413
-0.0027862357
-0.17236981
0.18378337
0.14879163
-0.47562444
-0.72337466
0.54277575
0.14887321
-0.20642105
-0.29693308
-0.53834003
-0.53690493
-0.15763994
-0.44599086
0.03609211
-0.56342906
0.15440845
-0.8732333
0.38190094
-0.1999726
-0.07880591
0.057669446
-0.014170331
4.0684733
0.0152143035
-0.6054357
-0.040732577
0.41989288
-0.07353228
-1.1420186
-0.3880525
-0.28150636
0.06265239
0.0048167864
-0.75193036
0.056177933
0.13237351
-0.2268052
0.8665682
-0.26864374
-0.18818732
0.23050298
-0.01531909
-0.5376377
-0.23281291
-0.4585652
0.2318934
-0.029834729
-0.744377
0.023751125
-1.2631922
0.9536404
0.022079958
0.16359398
-0.21473888
-0.33923963
0.07263948
0.0029808541
-0.08188041
-0.20297159
-0.17970349
-0.017122595
0.13038865
0.25898632
-0.027739089
-0.12509999
-0.108329825
0.24220821
0.097326204
-0.08363333
0.16618972
0.14852038
-0.19553688
0.5657715
0.046137203
-0.23663026
0.03461653
-0.025827061
0.19224861
-0.19587198
0.4231554
0.1392886
-0.027789647
-0.22246872
-0.022326209
0.17686722
-0.33252424
0.03736973
0.060098052
-0.26645997
0.24007113
0.16826575
0.20814517
0.01102762
0.08165844
-0.23091346
-0.22283942
0.042631567
-0.12943567
-0.15109417
-0.10285779
-0.17380705
-0.014066539
-0.20465347
0.06078604
0.18950526
0.0899872
-0.011867909
-0.03547067
-0.18542969
0.013598765
0.17367262
-0.10093869
-0.21236165
0.07764927
0.06878639
0.12528825
0.07607424
0.18565203
0.0019614222
0.29474777
-0.13181888
-0.64252615
0.13865001
-0.7403087
-1.0021944
-0.100172445
0.4352702
-0.38664573
0.025362276
-0.118980154
0.031597998
-0.1884752
-0.20905997
-0.20171611
0.23970805
-0.24019258
0.08529816
0.21833181
0.17398112
-0.4872442
0.38360658
-0.12982018
-0.2227329
-0.1539894
0.52807057
-0.45671403
0.027865387
0.005885735
-0.28962782
-0.18101054
-0.2303775
-0.063774474
-0.10021347
0.14809555
0.45132223
0.21498892
-0.23154584
-0.052018307
0.04838031
-0.050577734
-0.5238292
0.32180485
0.79301
0.54097813
-0.5051164
0.07764531
-0.32433534
0.1160639
0.042138364
0.4735104
0.07783756
0.31179416
-0.11041415
0.0122817
0.14102876
-0.17148983
-0.38987336
0.44909245
0.09785132
-0.2978884
0.13193814
-0.0721058
0.51855814
-0.1387042
-0.03115021
0.027571484
-0.120161794
0.042779174
-0.14067625
-0.046536222
0.07227741
0.16989906
-0.069290444
0.06388664
0.20336702
0.092780314
-0.18951792
-0.16310398
-0.09181224
-0.06647158
0.25263304
0.19959871
0.09609548
0.00587757
0.25009483
-0.15871471
0.098978154
0.08496293
-0.22311932
0.05012916
0.017556963
0.09939647
-0.23269321
-0.2463179
-0.024627447
0.21292108
-0.049864877
0.19453427
-0.14046168
0.09514474
0.27417797
0.14028926
-0.09140727
0.004383685
-0.07921741
0.036363687
-0.20205235
0.005041184
-0.1666567
0.14701203
-0.25795153
0.0026009816
-0.07867667
-0.30785155
0.07905398
-0.061710354
-0.030712537
0.016907088
0.3251527
-0.2288378
-0.1310401
-0.009211977
0.08530767
-0.23763843
-0.061515223
-0.096302316
-0.07660281
0.04604371
0.06784775
0.09503301
-0.026185684
-0.86606723
0.008255129
0.20961088
-0.69514835
-0.28162238
0.73266906
0.07954408
0.42392346
-0.3129941
0.10967529
0.12821224
-0.05425335
0.18146333
-0.19205762
0.183672
-0.17161186
-0.103364184
-0.33273384
0.028027032
0.422895
0.033118527
-0.37065253
-0.6277834
0.067829564
-0.21062689
0.25374866
0.4123344
-0.6015652
-0.38737696
-0.3648155
-0.06382591
-0.05468048
-0.39937013
0.13764067
0.004125639
0.0829205
-0.22833042
0.19060954
-0.16515367
-0.3488573
0.21934408
-0.008273045
0.28940585
-0.16720021
-0.16672975
-0.74986345
0.11204693
-0.04682491
0.75260055
-0.14749616
0.13144384
-0.2990471
-0.42492893
-0.2968689
0.20996371
0.082944214
-0.1742918
-0.1484428
-0.012384242
-0.32165852
0.2715951
0.11636264
0.28639337
0.5741128
-0.03672516
0.27349174
-0.08465046
0.048409577
-0.124532074
-0.1302571
0.13760175
-0.14445491
-0.1314857
-0.06955971
-0.11128733
0.18489093
-0.19575556
-0.003596543
-0.02736379
-0.32930133
-0.16280508
-0.0955043
-0.061052434
0.0012607086
-0.14091307
-0.115335435
0.118336625
0.0055300985
-0.10718796
-0.07691349
-0.19592644
-0.17928985
-0.06534377
-0.12230656
-0.28694
0.14912738
-0.20042269
0.1377555
-0.118023075
-0.0890418
0.13498065
-0.19740382
0.0869359
-0.014361993
0.15556276
-0.15916742
0.034690246
-0.023449622
-0.0048092036
-0.0045338115
-0.057066564
0.0017750083
0.07233739
-0.062044363
-0.2408696
-0.013327351
0.27463278
-0.009631333
0.17843781
-0.1120786
0.06721974
0.13278781
-0.12882683
-0.21230969
-0.16521156
0.09123184
0.005681305
-0.27356562
0.12249946
0.00011576685
0.03350109
-2.9426446e-05
0.14242144
-0.010661601
-0.0059624068
-0.07149577
0.042824876
-0.09529717
0.023564966
-0.032807298
-0.106989935
-0.108347915
0.13544095
-0.12732378
-0.25432277
0.23541978
-0.33789933
0.071513616
0.057145573
0.09091161
0.029735755
0.25224516
0.12905112
-0.30306995
0.19347325
0.01947484
0.12744796
0.32427153
-0.040234692
-0.06623027
-0.07224965
-0.20575504
-0.09387737
-0.04835852
-0.1165785
0.13575475
0.069339395
-0.21346849
0.14853336
0.083359666
-0.01999296
-0.19005989
0.21157698
0.103723675
0.11639501
-0.0014914786
0.09583182
0.010114968
-0.27981305
0.1758757
-0.17182842
0.16525295
0.34475392
0.418975
-0.07626174
0.21878177
0.4088994
0.23978908
0.12078518
-0.018733382
-0.3809714
-0.15263751
0.016572569
-0.0022963518
0.08820721
0.26371276
0.094051674
-0.0054667494
-0.067713745
0.064026944
-0.0025206984
-0.0775583
0.10724007
0.1374533
-0.05725103
-0.052015968
0.23276903
0.1651194
0.22556846
0.14349757
0.13857444
-0.05709981
0.04284799
0.191489
0.19643211
-0.13576138
-0.15481995
-0.07710861
-0.04848337
-0.08256491
0.1733523
0.10664257
-0.24981324
-0.4388238
-0.065948516
0.06549186
-0.039699152
0.06762031
0.2771782
0.25236407
-0.046021342
-0.07189149
0.17608497
-0.014962904
-0.26689526
-0.047166713
-0.068076864
0.17364001
0.091301285
0.079259716
-0.10166988
0.3063285
-0.13901085
-0.4011593
-0.049922712
0.21182902
-0.08309921
0.043518323
-0.111181594
0.07002136
-0.1563338
0.09192291
0.052277684
-0.034833115
0.1144719
0.4303487
0.17930447
0.46496764
-0.05365926
-0.09894429
0.03171337
0.56534415
0.2529726
0.024529418
0.2014992
0.08652397
-0.2497569
-0.24711147
0.4575994
0.10254401
-0.2601062
0.08272756
-0.15032351
0.12725769
-0.02159122
1.185628
-0.42909053
-0.014372127
-0.0908321
-0.22180426
-0.14524956
0.40890646
0.5393951
-0.37745494
0.22199161
-0.3340703
0.03619294
-0.175452
-0.04826033
0.14490917
0.17469808
-0.03511021
-0.01515681
-0.19731708
0.06572303
0.15209495
-0.07537871
0.4559908
0.09049182
-0.030989558
-0.0560651
0.025299726
0.03610281
-0.3476298
0.23320311
0.113508254
0.18753386
0.22584668
-0.06097463
0.45177168
0.20451578
0.47253785
-0.02577504
0.14732803
0.12958235
-0.17591864
0.0051097944
0.2951774
0.16078563
0.15288188
0.05600171
0.13410145
0.20519565
0.087078616
-0.114071205
-0.050913714
0.04638656
0.023870902
-0.10581711
-0.12318642
-0.19492418
-0.12480541
0.010739172
-0.15407187
0.16768816
-0.08636827
0.056772172
-0.19098325
0.11387158
0.08684812
0.28404036
0.34580556
0.07381362
-0.19238445
-0.04812947
-0.23872025
-0.0028950982
0.15166171
0.2452838
0.1934829
0.13483946
-0.22176011
0.16147432
-0.052404147
-0.019451024
-0.06697741
-0.16648024
0.11825442
-0.08620258
-0.10312933
0.056991804
0.060877178
0.09536693
-0.06595371
0.09251876
-0.010104702
-0.15673134
-0.04552298
-0.056104057
-0.007821288
0.05375616
-0.06967589
-0.29623374
0.075732894
0.16610348
-0.12453908
0.1533348
-0.15096785
0.05585815
-0.0040525543
-0.4386632
0.3247778
0.12247761
-0.3278097
-0.11724732
-0.19150263
0.2958892
-0.23936935
-0.028162187
0.0041258875
-0.5172561
0.119703166
-0.2207647
-0.4600457
0.24290779
0.23430023
-0.16349894
-0.1326275
0.8294379
-0.5017232
-0.24837597
-0.16336793
0.026201656
0.19081247
0.08499574
1.6562389
-0.34894967
-0.101138175
0.16768268
-0.079636715
0.19544333
0.08076644
0.31715026
-0.120790474
-0.11016119
0.22485314
-0.14726901
-0.16414553
0.10742832
-0.29999736
0.06757562
-0.01870231
-0.008736821
0.109564394
0.36154765
0.45087567
0.04497172
-0.00769545
-0.11036299
-0.24606764
0.14905065
0.4302903
0.21637651
-0.6713038
0.46598682
-0.1059079
0.34773
0.21932375
0.07359925
0.45411178
0.84155774
0.3871208
-0.18022692
-0.0014468741
0.032520916
-0.3829583
0.20949319
-0.08194839
-0.033348113
0.045865055
0.14981252
0.15280886
0.21379274
0.7044512
-0.09428461
0.022469474
0.59454197
0.05723552
-0.17121783
0.24696192
0.276121
-0.21659902
0.003696012
0.2667459
-0.16841419
-0.14083359
0.032855548
0.07305478
0.16185713
0.013848877
1.8746083
-0.44003558
-0.30293852
0.07252769
0.25899953
-0.299344
-0.020935316
0.45793658
-0.11152291
0.12079124
-0.3509864
0.14828978
-0.5149604
-0.12831023
-0.13170065
0.20372337
-0.048440173
-0.035101257
0.13122769
0.4566396
0.3848514
-0.03441384
0.5211279
0.048821505
-0.16576095
-0.0702266
-0.023163341
0.47704932
-0.13098718
0.15853956
-0.38777974
-0.031317685
0.17117393
-0.034250543
0.15029939
0.6606875
0.6748022
-0.25311136
0.11640192
-0.1509142
-0.27728337
0.3306384
0.24959825
-0.12083615
-0.13737875
0.10922256
0.20641911
0.3703004
-0.028628634
-0.13845317
-0.068341106
-0.036571924
-0.19316965
0.07860746
-0.22616448
0.022044083
0.011829196
0.17478216
-0.0832351
0.08912138
0.060598068
0.09996763
0.1814444
-0.09750844
-0.1559987
-0.02699377
-0.3638704
0.04647488
0.09545135
0.25884447
0.118845806
-0.0024642907
0.22104585
-0.2773328
-0.13101944
0.04249358
0.07074216
-0.082195275
-0.16595615
0.13419807
0.22500964
0.17627126
0.09370003
-0.2544599
-0.038605765
-0.095659785
0.026915975
0.07029248
0.16357478
0.29081872
-0.0074552787
0.035178784
-0.21118703
-0.06258361
-0.15549506
0.06715997
0.11064981
0.1115848
0.2539557
0.10525743
-0.011034435
0.0049079764
0.013090912
0.1215928
0.368758
-0.042488635
0.0717857
0.10191377
0.48450205
-0.03459796
-0.0874806
-0.39999536
0.055241447
0.105136365
0.048360135
0.18035547
-0.096256986
-0.03591092
-0.04268717
0.07461772
0.00038605672
0.34316027
0.20142129
0.18290436
-0.013949493
0.2956348
-0.13691804
0.078590885
-0.28075048
0.06499418
0.081481375
-0.049871784
0.15323435
0.023293814
-0.27498764
-0.17695324
-0.059674177
-0.022237442
-0.05867341
-0.10257331
0.12360015
0.51896983
-0.1681349
-0.19862615
0.031848256
-0.094247684
-0.05550389
-0.24248701
-0.21515062
0.13356082
0.09794416
-0.37254757
-0.06660564
-0.09814479
0.068313986
-0.136044
-0.29250145
0.063365065
0.047685284
0.28685108
-0.10894241
-0.10851018
0.10074818
-0.027156413
-0.17553005
0.06319375
-0.06592021
-0.01954475
-0.49388352
0.2583124
0.06356526
0.082159296
-0.34961274
0.11931934
0.31035817
-0.063662834
0.06412065
0.10255835
0.22445472
0.042771604
0.123023786
-0.08350176
-0.08828832
-0.31803015
0.06357517
-0.07116983
0.023924828
-0.053431373
0.19719915
0.15016858
0.020664275
-0.016684122
0.07966222
0.028020402
-0.155508
0.115530595
-0.3133531
-0.029189926
0.16770037
-0.08343804
0.003734184
-0.20989461
-0.067272484
-0.2171538
0.06907504
-0.012342188
0.02323376
0.030319637
-0.014856817
0.08755722
-0.06550417
0.12206598
-0.0003809019
0.0073290234
-0.24995954
0.01779614
-0.25354233
-0.10096721
0.2599293
0.25669408
0.07534929
-0.047080692
-0.28502652
-0.0854168
-0.13858126
0.09496605
-0.05419362
0.068971604
0.08972047
-0.052400872
-0.16100226
0.04870709
0.028975228
0.31080487
-0.27621236
-0.015037714
0.24382034
0.10903982
0.033645727
-0.16962808
-0.11962058
-0.025310632
0.28492513
-0.083618805
0.03255498
0.4095578
-0.043995578
0.2806281
0.2947933
0.07300154
0.022799384
0.12328609
0.15297051
-0.11914022
0.3347003
0.11320972
0.26744226
0.2184432
0.09956439
0.16959104
-0.19146225
0.24197915
0.07101749
-0.017200321
-0.097045
-0.052552223
0.110059716
-0.2107087
0.11118355
0.1712124
-0.38601917
0.16025299
-0.098503105
0.04442345
-0.28913078
-2.6861233e-05
-0.08119604
0.00093320146
-0.0077149863
-0.053860147
-0.010225717
-0.26205522
0.05879864
-0.17394495
0.038866986
0.05911267
-0.3935956
-0.066506684
0.17948677
-0.14676256
0.22403085
-0.27654463
0.0039131846
-0.35665035
0.17879482
-0.08394662
0.030446203
-0.17382158
-0.22838697
0.020670176
-0.1748156
-0.273855
-0.0028260679
-0.040473215
0.015803546
-0.2680695
0.051886633
0.09487235
-0.27600062
0.005891632
0.05341567
0.07938423
0.16016728
0.038849317
0.057361446
-0.12874255
-0.31222388
-0.19344716
-0.1674908
-0.08580304
-0.36157358
-0.13195495
0.028047128
0.17034306
-0.17035463
0.022841046
-0.14430252
0.13702479
-0.030469552
0.0056987265
0.09883936
-0.33966753
0.031539112
-0.08518724
0.17020401
-0.1343501
-0.344188
0.0662235
0.24455233
-0.17028803
0.039952498
0.19382577
0.15498006
-0.09996996
0.050515164
-0.19189535
0.10706881
-0.23904797
0.21997517
0.2661639
0.03438974
-0.0041259923
0.21951887
-0.1215455
-0.039511725
0.15755007
0.08093924
-0.16501474
0.096813545
-0.14724152
0.18385038
-0.23328036
0.15626846
0.108336724
-0.18824211
-0.092702545
0.122611605
0.25903985
0.16006358
0.07557514
-0.044173237
-0.048609797
0.11671037
0.08669107
0.016369434
0.5913763
-0.02061694
-0.97044355
0.8945018
-0.055857353
-0.17897286
-0.13871214
-0.3101954
0.39786938
-0.4372981
0.047460336
-0.10285556
-0.07898677
0.02919514
0.038322195
-0.10736878
-0.16302559
0.555838
0.038534548
-0.5122456
0.12595677
0.5181211
0.16537294
-0.08997696
-0.016273288
0.27525818
-0.53314286
0.20889391
0.2714097
0.30075887
0.08831968
0.09893395
0.17484653
-0.08504474
-0.07029566
0.14346564
0.39569
-0.36850217
-0.19409843
0.42250785
-0.40479904
0.83952004
-0.31544328
-0.14360668
0.14342898
0.27816933
0.6953069
0.20752995
0.04131588
0.16949147
0.119305216
0.035226718
0.3391497
0.29495344
-0.08105612
0.14116627
0.5036497
0.13006693
-0.10301351
1.0819489
0.15479295
0.12065096
-0.18834089
0.22615857
-0.018294407
-1.166047
0.34471646
0.27033022
-2.2760227
-0.32887584
0.4984893
-0.095076896
-0.0065351073
-0.51840883
0.03319487
-0.03880131
-0.22601889
-0.21330169
0.2717494
0.1488738
0.31772196
0.2647879
-0.116413
-0.03386903
0.8363425
0.21438818
-0.79313207
-0.14274654
0.061689172
-0.56586456
0.107261665
0.12755379
-0.1273382
-0.5891048
-0.70205784
-0.118835084
-0.24494328
0.17137574
0.5431791
0.35774514
0.032237493
-0.16176678
0.21533924
0.14469998
-0.22975329
0.4870086
-0.21165593
0.8514836
-0.27655888
-0.15882765
-0.34997422
-0.07352826
-0.33056104
0.6996654
-0.45138282
0.44728684
-0.12028825
-0.2248488
0.19621518
0.016999342
-0.14593501
0.11152371
0.13446848
0.18141587
-0.67902595
0.343472
0.27394456
0.09368717
0.29913175
-0.04630802
0.110851355
-0.017903911
-0.25546288
0.024618696
-0.05064345
0.0014231369
0.066449866
-0.3122306
-0.16263717
0.006767834
0.08556914
0.0011200338
-0.009737454
-0.17297241
0.02595606
0.20981203
0.0026039507
-0.13055651
0.07154826
0.045174748
0.15616718
-0.2066877
-0.096303165
0.037911113
0.18833208
-0.04507511
-0.14186028
-0.08296763
-0.061519418
0.07467815
-0.17561792
-0.26597196
0.22750342
-0.13001254
-0.10735785
0.15391974
-0.12274444
0.0754435
0.07731397
-0.04638221
-0.032996703
0.0077288626
-0.04592122
0.064386174
-0.071482316
-0.04477417
0.085449174
-0.058838204
-0.09804476
0.17818534
-0.033230003
0.0017489741
-0.011106328
0.09196151
-0.11078217
-0.27402312
0.14704269
-0.24595311
-0.15928273
-0.041339777
-0.1501848
0.03235176
0.05638614
0.18425204
0.012240465
0.10993956
-0.121316575
-0.070378564
0.053748246
-0.088017814
0.05847591
0.18796355
-0.04730912
0.18914323
-0.14400053
0.2637793
0.054244574
-0.15851592
-0.34680447
-0.19509178
0.14187415
0.15930013
-0.01387836
0.28645787
0.013280625
0.22772183
-0.14545353
-0.02356436
-0.12112511
-0.1502823
-0.07554281
0.3302726
-0.055035707
0.050733898
0.15319212
0.019865874
0.009667564
0.04426741
-0.07308857
0.05904086
0.08930943
-0.16946198
-0.040490113
-0.18131845
-0.33448628
0.046132497
0.3232895
-0.02990325
-0.09010515
0.168579
0.2608807
-0.011311894
0.09640775
0.009895342
-0.05137715
-0.04035964
-0.016521174
-0.015004583
-0.24042897
0.38909194
0.009843231
-0.19661568
-0.13929692
0.03968995
-0.07706948
0.30568942
-0.023810077
0.1440844
0.05841029
-0.013653905
-0.699865
-0.7891035
-0.33574286
-0.45542493
-0.5235006
0.017239427
-0.22159982
0.13658126
-0.17228161
-0.0963691
0.48829645
-0.121139
0.066367805
-0.076114684
-0.48684976
-0.8594549
-0.06175493
0.3910709
-0.22051089
0.23243394
0.6857782
0.041308485
-0.23057306
0.11918923
-0.48695377
0.6806742
-0.07189875
0.46544787
-0.11338396
-0.089031756
-0.3700212
-0.14254013
0.17472386
0.04145723
-0.2361126
-0.42502087
0.20819815
-0.32343885
-0.26916337
-0.10191173
0.20981598
0.44918954
0.13618124
-0.07478043
0.48981053
-0.026992029
0.06044527
0.14804167
0.0053802407
0.26611173
-0.22440404
-0.5662587
0.29114932
-0.14364056
0.00040200824
0.22922345
0.061635945
-0.42683136
-0.28624526
0.032695174
-0.0139964735
0.17338605
-0.22148398
0.17719142
0.22901595
0.07145999
0.16007586
0.073452495
0.01289491
-0.22945884
-0.12978537
-0.008467663
-0.26794586
0.10836368
-0.04360589
-0.025133785
0.029738128
-0.091301166
0.11557807
0.008282332
0.26426348
-0.09088985
0.024461372
0.039799165
-0.34323263
0.007373319
0.03949627
0.10538995
-0.0583144
0.0972235
-0.14691484
0.19458506
-0.28818715
0.35097253
-0.010275885
0.21636033
0.095864356
-0.29165912
0.14844728
-0.15881713
0.039240673
-0.0153367715
0.21311548
-0.1679597
-0.13502581
-0.11318012
0.07947345
-0.11636866
0.020523204
0.13598004
0.14235348
0.20862867
0.09825435
0.0874137
-0.09336497
-0.13090982
0.13933167
-0.2626472
-0.10847766
0.07350176
-0.101670146
0.033649426
0.020778758
-0.39618593
0.06535786
0.26101652
0.036369953
0.04326562
0.38183182
-0.033685327
0.21052375
-0.37192422
-0.23207015
-0.039016828
0.11493788
0.002278539
0.14964287
-0.031091498
0.070883974
-0.14945844
0.20411512
0.06766904
0.27028662
-0.23802687
0.0986102
-0.28364578
0.1813266
-0.27078205
0.08621134
-0.23862879
0.0092917085
0.1748957
-0.15397267
0.1482557
0.06337935
0.015024883
0.39141786
-0.01804887
-0.23999724
-0.16459985
0.20068793
0.12969826
-0.33343336
0.010604487
0.057213567
0.18379958
-0.032885615
0.042101264
-0.28812918
-0.0804858
0.10479655
0.279773
-0.15354101
0.086641185
0.09043291
-0.14862844
0.12620838
0.28733668
-0.04224403
0.0010709446
0.18757623
-0.08012391
-0.20370038
-0.40843976
0.44946966
0.09464416
-0.44322553
-0.10291164
0.23744327
0.18036595
-0.024609702
-0.1650254
-0.01536162
0.08700586
-0.103130735
-0.048868712
0.0011458945
0.05529858
-0.20298706
-0.06061029
0.2914134
-0.04404308
-0.032629963
-0.24190103
0.28402445
-0.12797175
0.14066404
-0.045137726
-0.09568018
-0.020278348
0.07682709
-0.27924046
0.05806268
-0.04035036
0.31548816
-0.09434863
0.07998465
-0.32687753
0.16011958
-0.03885142
-0.13443765
0.060155984
-0.2646747
-0.11619293
-0.03659582
-0.18612209
-0.109660715
-0.06520468
-0.08717279
0.1509699
-0.26560205
-0.13469726
-0.023728656
0.043641545
-0.14070895
0.113791816
-0.11789481
-0.08316161
-0.090822116
-0.3256826
-0.27571213
-0.0562521
-0.3139849
0.15277693
0.021576932
0.28754136
-0.2624583
-0.44799906
0.13368075
-0.12694155
-0.31231114
0.021847121
-0.046915215
0.005113032
-0.44564092
0.049266625
0.056409437
0.1872593
-0.003887872
-0.045681804
-0.08239077
-0.11154631
-0.13281299
-0.121081226
-0.07198862
0.09279449
-0.14153688
-0.3243048
-0.07932094
-0.32550007
-0.063717976
0.08997168
0.037553776
0.34963444
-0.05984056
-0.29747123
-0.18203658
-0.0017794942
0.23460443
-0.08356576
0.22956018
0.22121832
0.20865889
0.12153351
0.015110417
0.27260515
0.0031335421
0.15273732
-0.05065274
-0.24725361
0.14173405
0.2477294
0.2822115
0.017611528
0.038976666
-0.16494057
0.34258682
-0.30079764
0.15860431
-0.059694804
-0.19483341
0.16254595
0.11062607
0.049928803
-0.03810915
-0.15973587
0.36539254
0.17696284
0.018409679
0.29329622
-0.003759952
-0.12630376
-0.021205163
0.14512537
-0.06761703
-0.03896721
-0.059706382
0.15921429
-0.14461777
0.103272244
-0.17091231
0.12721214
0.103168115
0.0146365985
-0.10517312
-0.20089869
-0.42003906
-0.15677497
0.17304409
-0.22879711
-0.056274522
0.20542057
0.0037957462
-0.085945055
0.16804142
0.0071177394
-0.19399613
0.080894895
-0.00955511
-0.16701232
-1.0974835
0.18571877
0.069102526
-0.17193964
-0.20145735
-0.023670973
-0.11602869
-0.31333846
0.035523202
0.06287652
0.33010113
-0.16747476
0.5215409
0.09251095
0.2630213
-0.050487828
0.06175867
0.017895516
0.050492197
-0.28702536
-0.47145355
0.23860927
-0.2133585
-0.07327544
0.019738259
-0.06270481
-0.066876285
-0.11762986
0.29276717
-0.17637426
0.22046448
0.12731983
-0.19883578
0.030781358
-0.43599877
-0.517104
-0.33393332
0.29830822
-0.05461517
0.12712029
0.49662945
-0.28313956
-0.23439893
-0.33206522
0.19513421
-0.09771223
-0.1754859
-0.27045262
-0.19343027
0.10090386
-0.11555833
0.29573423
0.3354033
-0.033801872
0.12060113
-0.040396784
0.14396816
-0.03976794
0.24330847
0.15255049
-0.097839996
0.54971683
0.12670077
-0.027045738
0.047349557
0.31773582
-0.011806151
-0.4037516
-0.010047608
-0.16516303
-0.5481109
0.21658581
-0.031033631
-0.084659405
0.13898763
-0.32481334
0.30027664
-0.28865707
0.0110018635
0.053538874
0.023874938
-0.14055258
-0.13264161
0.039269168
-0.24011269
-0.078662105
-0.35228112
0.41911772
0.12729058
-0.1399136
-0.17291829
-0.22819072
-0.08521888
-0.12237947
-0.14402701
-0.17977104
-0.0611387
0.14162044
0.1388891
0.078446835
0.079213075
0.041746225
-0.037858162
-0.32680106
0.33576524
-0.07400391
-0.16585816
0.103443734
0.18813731
0.21342173
0.078544304
0.041505802
0.24472938
-0.30830032
-0.120351456
0.37231946
0.46911922
0.09219103
0.1577819
0.4510108
-0.030238278
0.056015335
-0.07243078
0.5755212
-0.19134974
-0.23426549
0.3116569
0.18872033
0.042612903
-0.06359022
0.9640182
-0.020443298
-0.06891361
0.42243487
-0.051824946
0.060878105
0.20101319
0.50167996
-0.009405927
0.40497944
-0.35666355
0.17722222
-0.39008376
0.04947507
-0.11293595
0.35834616
-0.018943964
-0.2193296
-0.08231433
0.28360352
0.48113146
-0.18916447
0.31701177
-0.18794571
-0.16178651
-0.29997838
0.17066427
-0.2908601
-0.017328778
0.4306158
0.034143787
0.4151216
0.49357992
-0.21269828
0.33296338
0.38312668
0.663636
-0.11720026
-0.09157904
-0.08469579
-0.26525044
0.24132718
0.107681505
0.03885829
0.016180828
0.14400807
-0.029710481
0.17108934
0.6382186
-0.10939484
-0.03887426
0.10202161
0.027318936
-0.1792823
-0.22283284
-0.020945806
0.13897981
0.1833607
-0.02353542
0.21669415
-1.2828943e-05
0.020770103
0.43310735
-0.11448137
-0.02433277
0.08616409
-0.1043151
-0.00737124
0.12482762
-0.15593946
0.30878448
-0.08211189
-0.062441934
-0.37277293
-0.18209699
0.06695334
0.06754888
-0.009391331
0.016981017
0.048116785
0.09742584
-0.074074656
-0.15120468
-0.09712611
-0.122214615
0.13897878
-0.23242764
-0.19010946
0.07974523
-0.017953996
-0.0556962
-0.1525772
0.12120729
0.045497637
0.027690941
0.075296886
-0.006619722
-0.31982628
0.009674285
0.013957036
0.18262975
-0.104493655
-0.042295262
-0.06039949
0.43303746
0.1865654
0.22434267
0.051675268
0.4335476
-0.04800992
-0.11524302
-0.1936478
0.124273345
0.07800986
0.08320571
-0.13652793
-0.05987971
-0.15249637
-0.2649651
-0.007837861
-0.15364884
-0.16225454
0.18382287
0.35392836
0.06500248
0.25074342
-0.026242528
-0.016909258
0.021037161
-0.11898293
0.7155761
-0.11072643
0.07440937
-0.07623244
0.31716233
0.10289468
-0.0146653345
0.051964972
0.013703626
-0.21452178
-0.08312862
0.12119315
-0.008358306
0.06536313
-0.022055257
-0.27675474
-0.22138716
0.02208328
0.0672136
0.367058
-0.048085608
-0.36206892
0.093861416
0.082146294
-0.23988912
0.09082476
-0.2553129
0.13208643
0.08678049
0.21073727
0.12589736
-0.21849978
0.10800092
-0.26888126
-0.18223502
-0.08882382
-0.06854852
0.14359201
-0.14006424
-0.09460609
0.06687275
0.21826075
-0.283799
-0.01605185
-0.06578562
-0.018740924
0.052113548
-0.2132279
-0.085871905
0.15278617
0.27712387
0.07314791
-0.0553628
0.0064362455
-0.037114184
0.3649636
0.07164858
0.076015614
-0.0066226716
0.036259808
0.46614966
0.17175473
-0.029568085
-0.016810616
0.112079695
-0.13559254
0.112328745
0.04554447
0.0469269
-0.061124172
-0.016329141
0.2390493
0.089162685
-0.18997192
-0.15592094
0.04330684
0.32396966
-0.12980437
0.0038873213
0.032080773
-0.017911684
-0.028120609
-0.11648915
0.1340576
0.12549129
-0.16939539
-0.004536794
0.1278159
-0.041914552
-0.1606289
0.032418095
-0.10654419
0.008423919
0.124865144
0.38501164
0.01511418
-0.29386687
0.019523863
-0.11638343
-0.0045493403
-0.11176664
-0.15140872
-0.036943633
-0.21595019
0.2003132
0.17776941
0.08242829
0.09171664
0.031435385
-0.04647164
0.093893535
-0.14002551
0.26459023
-0.06394686
-0.013942422
-0.19031599
0.22937082
0.2893078
-0.5573666
-0.30765218
-0.17062582
-0.18649122
0.025557173
-0.33297879
0.2459422
0.020622917
-0.09297763
-0.28837705
0.16860706
0.1792578
0.051018823
0.63648564
0.014400856
-0.22416614
0.544046
-0.26433933
-0.363852
-0.47296473
0.5992348
-0.15845174
-0.48661566
0.13627629
-0.24572733
0.06235877
-0.38046676
-0.37846598
-0.11788212
-0.301378
0.30488592
0.011861429
-0.0776104
0.07823184
0.34555697
-0.11836886
-0.41446495
0.6020144
-0.082883365
0.028073585
0.0031734337
-0.16538444
-0.43779245
-0.6761667
-0.036959093
0.15633868
-0.2932093
0.033250656
-0.5011419
-0.43088415
-0.49101394
-0.062143963
-0.38453105
-0.27706468
-0.05658428
-0.34266767
-0.5835753
-0.17053403
0.28565648
0.0032565172
-0.36583585
-0.07385256
0.04168111
-0.051846955
0.07746122
0.03821634
-0.20538922
0.038381852
0.22836906
0.026009558
0.18826352
-0.1131418
-0.07827896
0.15901406
-0.14600036
-0.15191023
-0.40607396
-0.2671769
-0.12793791
-0.19187982
0.05940743
0.016379569
-0.13205971
0.042007472
0.02960457
-0.15564156
-0.16975144
-0.10257191
0.023505883
-0.3945845
-0.06332992
0.12797959
-0.084633924
-0.0992318
0.29363692
-0.135622
-0.007995831
-0.010171067
-0.14172672
-0.1528904
-0.059751954
-0.06904745
0.040084664
-0.14299245
0.051889997
-0.20198928
-0.10796169
0.038319632
-0.011592028
0.29136813
-0.107913904
0.050525997
0.31543794
0.042056255
-0.1532447
0.23287539
-0.13527794
0.09530274
0.1455796
-0.27496046
-0.08948297
-0.040691722
0.022185607
0.07062789
-0.19844688
0.0037121435
-0.00036741304
-0.029633151
0.14432263
-0.005083083
-0.13799842
-0.20070884
-0.15600689
0.12699392
0.035575528
0.22471985
0.076017305
0.28030914
-0.08205169
-0.04718818
-0.3018311
-0.19222505
0.5004389
-0.14148669
0.18288551
-0.15977757
0.07783273
0.21539097
-0.0667832
-0.09435666
0.03998805
-0.19114427
-0.007683268
0.10978341
-0.26130012
0.049485136
0.12740497
-0.309626
-0.3806793
-0.27754834
-0.041905705
-0.10647589
0.031092836
-0.2191999
0.13070047
-0.21456017
0.07885922
0.20021455
0.3037595
0.33725515
0.1306785
0.38007337
0.18962045
0.011639663
-0.02906079
-0.08931713
-0.12592222
0.1431428
0.1952754
0.20024547
-0.024401134
-0.1030079
0.041585594
0.49781325
-0.08456091
-0.06218058
0.12430451
-0.09120371
0.3242501
-0.37664145
0.03581501
0.1816528
0.2917197
-0.23402752
0.10465887
-0.012062379
0.054980136
-0.08673996
0.030044038
0.00077700196
0.28082937
-0.006110447
-0.020779716
-0.15059905
0.11853359
-0.19355027
-0.20609087
-0.022934815
-0.11714842
0.050781645
-0.054883827
-0.13060755
0.10627637
-0.27022552
0.032506853
-0.429713
-0.05899195
-0.34828195
-0.11800301
0.09947149
-0.09082428
0.21760356
-0.027420243
-0.02959224
-0.03145066
-0.14442487
-0.20586771
0.1536867
0.06394333
-0.31365317
0.13277665
0.19984092
-0.19070509
0.13614407
-0.25333625
-0.0956659
0.11694475
0.03746959
0.27988607
0.13163929
-0.2518454
-0.056743015
-0.08117267
0.12516105
0.1294577
0.24447517
-0.20921008
0.2223505
0.112023756
0.011417904
0.13498576
-0.04172251
0.17254813
-0.07258131
-0.13430974
0.06356197
0.07939765
0.1064836
0.034969274
-0.24073708
-0.34847724
0.026707564
-0.14108253
-0.17024584
-0.007884356
-0.15850247
0.12706593
-0.1700735
-0.12988754
0.08602311
0.17937386
0.13193262
0.030593242
0.1385175
-0.07347209
-0.052350592
0.06042798
0.1327787
-0.22661422
-0.043026008
0.37145907
-0.0063960142
0.14153354
-0.18687737
0.052003145
0.21867384
0.052489415
0.018992428
0.11042451
0.17939779
0.03449588
-0.006409161
0.034013893
-0.07178519
0.13255134
0.06695411
-0.16279095
-0.049653202
0.017886985
0.024029154
-0.23851453
-0.060283903
-0.24870598
0.07138068
-0.17441113
0.3218824
-0.057611734
0.22394635
-0.12253839
-0.23918967
-0.14078549
-0.27890772
-0.17597903
0.1756136
0.051928982
0.02172339
0.027425593
0.07779133
-0.050031245
-0.3214314
0.14163344
-0.07397128
0.70120525
0.09843629
1.0156944
0.94628215
0.3555835
-0.47300526
0.5394163
-0.121548496
-0.03364997
0.2298867
0.14270394
0.41401312
0.43695638
-0.0982413
-0.03844474
0.21523084
-0.02914955
-0.20915052
0.1369145
-0.3285135
-0.48912397
0.056993913
0.31991106
-0.3970326
0.65146077
-0.8746407
0.17785817
-0.07406793
-0.0906923
0.3281451
0.19651888
0.23557551
-0.34917098
-0.69159216
-0.15576969
0.22694808
-0.36036587
0.30261213
-0.06911367
0.0029830215
-0.3819327
-0.95713437
-0.9369986
0.65068626
0.009103026
-0.48780766
-0.21487539
0.0710896
-0.5823273
-0.07588796
-0.38141713
0.2445718
-0.08266456
-0.20171314
0.1187768
0.4354475
-0.5193684
-0.015759809
0.16015764
-0.3283706
-0.18234825
-0.19192722
0.050838247
-0.1660439
-0.122443676
-0.0021218106
-0.49981675
0.063743636
0.059779085
0.13101178
-0.19356196
0.025728572
0.085302256
-0.27114275
0.010280784
-0.1361342
0.09020336
-0.047942787
0.106830224
-0.032394987
-0.14402647
0.12341598
-0.19743302
-0.19030094
0.10850551
0.09180419
0.12365431
-0.01706733
0.15703657
-0.17026663
0.17791869
-0.1838604
-0.11181979
-0.04743841
0.23240104
0.051413056
0.13907295
0.047545075
-0.2533316
0.06513922
0.033946797
0.03464804
0.12300849
0.059649147
-0.14088893
0.052757684
0.08267589
-0.028548712
-0.08983374
-0.05303832
-0.20247637
0.014579164
0.28217337
0.12285501
0.038444944
0.13144839
-0.20971632
0.14897315
0.033040766
-0.040226758
-0.087356284
0.1059906
0.025310876
0.05829798
-0.1702756
-0.06723134
0.07666488
-0.023476355
0.04628868
-0.014593661
-0.5514615
0.09782602
0.07075854
-0.2357505
0.17887656
0.39957178
0.2270815
0.19984624
-0.26073143
-0.0072754114
0.09752655
0.1525237
0.10353857
-0.25923082
0.14153469
-0.0055088787
-0.47771376
-0.23066804
0.4258939
0.07766959
0.15732597
0.024291955
-0.091608174
-0.13558953
-0.033761095
0.055291016
0.08563102
-0.2418714
-0.45212558
-0.032816254
-0.15953635
0.026091302
-0.2553309
0.073236056
-0.22144748
0.18538645
-0.01740604
-0.028287344
-0.035446513
0.19064578
-0.23092483
-0.11212092
0.13038875
-0.23740232
-0.11396343
-0.39831287
-0.21986952
-0.27218735
0.11290274
-0.21402925
0.063081846
-0.05404835
-0.15945846
-0.09309133
0.43579105
0.25296912
-0.20223084
0.0055705993
0.39661583
-0.33659503
0.1385102
0.0070834467
0.072840296
0.14698668
0.018655578
0.013432732
0.049778353
-0.028723601
0.036831573
0.115323566
0.053420313
0.07743185
-0.06020122
-0.1469205
-0.011249213
0.012003478
0.0047202744
0.24505045
-0.2876167
-0.17989185
0.20873596
0.040426306
0.1720407
0.18819067
-0.059941143
-0.1768671
0.03489628
-0.14665446
-0.17685223
0.19702859
0.15036865
0.26222932
0.0023182875
-0.37307882
-0.12178014
0.10240498
0.12022454
-0.058446687
0.14645629
-0.21262282
0.031039491
-0.37496337
-0.08499071
-0.097922206
0.20156948
-0.109148726
0.28896716
0.12775318
0.023490835
-0.09436623
0.11269522
0.060948197
-0.12140108
0.08177808
0.0041171666
0.13935198
-0.027810395
0.07211789
-0.044303395
0.10288886
0.08542727
0.030982234
-0.087201595
0.17381561
0.05553912
0.0009915449
0.18890852
-0.008088042
-0.0632338
0.035438668
-0.0710532
0.027162308
0.09135013
-0.05677764
-0.10157142
-0.02641732
-0.17536736
-0.011071521
-0.14148031
0.03376515
0.052409556
-0.0646938
-0.12148646
-0.25079337
0.010323069
-0.013348023
0.37207595
-0.14234923
-0.03989504
-0.05506357
-0.08344973
0.042897277
0.0010769042
0.34629875
-0.069632344
0.04109181
0.15831673
-0.18630987
0.24626034
-0.16195244
-0.00887197
0.11660352
-0.28434348
0.13990876
0.15717064
-0.0077832844
-0.0138703985
0.06941495
-0.026623266
0.033950694
0.012903993
0.026428333
0.1494642
-0.16067572
0.12583111
0.07746846
-0.12758057
-0.18910202
-0.046679515
0.14207132
0.08969431
-0.0989779
-0.42641196
-0.22699858
0.017354561
-0.13996425
0.09353718
-0.2197691
-0.28428197
0.049425963
-0.17940985
0.23113604
0.13709877
0.025885591
-0.07847397
0.28549644
0.31679812
0.011721274
0.082304046
0.25634894
0.34610927
0.018219322
-0.11276162
0.76105106
-0.41541165
-0.012444671
-0.2679736
-0.19120385
0.24127264
-0.025923809
0.94321024
-0.11504422
-0.23513702
0.33386087
-0.062309865
0.46290672
0.5883507
0.28947878
-0.27393857
0.1669583
-0.05812598
-0.08366683
-0.02488886
-0.14463441
0.013660069
0.27038336
0.12801088
-0.23987354
0.16373083
0.25270286
0.51743037
0.323018
-0.04023759
-0.18575865
-0.24278899
-0.19171982
0.21057254
-0.18461786
-0.20363025
0.40773588
-0.11649225
0.46053413
0.5088086
0.03565601
0.5879603
0.41458064
0.48859727
0.07038414
-0.055858586
0.17783839
-0.21352966
-0.06724009
0.05938302
0.108124636
0.20084976
0.16738287
0.061996646
0.23993956
0.4421521
-0.17667376
0.09015826
-0.12924449
-0.12234767
0.074697144
0.09221762
0.066077024
-0.029247792
0.18654251
-0.092832096
-0.09969533
0.10060028
-0.16846234
0.1440568
-0.09814398
-0.013032937
0.014020462
0.194054
0.15100746
-0.1536218
0.001230193
0.045487
0.110898875
-0.03929064
0.14446187
-0.0055467286
0.010168473
0.2628184
-0.010654343
-0.059537232
-0.20891853
0.08556952
-0.12671356
-0.31180343
0.030144546
0.09815717
0.068481125
0.010677494
0.021395862
-0.29825085
-0.11069405
0.29599902
0.10266685
0.116876855
-0.10486979
0.15298049
0.100499004
-0.29965776
0.10517388
0.06847834
0.17171958
-0.021540184
0.34253615
0.15999073
-0.401371
0.100869
-0.115673035
-0.059651207
-0.30888987
-0.35655227
0.013497866
-0.081763096
0.06623285
0.20885411
0.21840248
-0.018871922
-0.35631654
-0.17381491
0.13611525
-0.18368265
0.04966023
-0.005114447
0.04002824
-0.17368753
0.12117999
-0.055063687
0.07177183
-0.011265793
0.13636039
-0.14165902
-0.34681714
-0.054157395
-0.012561038
0.08532812
-0.11915587
-0.14765158
-0.13049522
-0.17686185
0.053314734
0.043530233
0.29830727
0.019011935
-0.111211784
-0.25055617
-0.00065256975
-0.054581758
0.16139655
-0.06165233
0.098522134
-0.21549234
-0.33521032
-0.4039101
0.017701393
-0.034379955
-0.20184508
-0.030088944
-0.00042162064
0.20424555
-0.07609215
-0.049965814
-0.011258517
-0.06971465
0.027837753
0.17210695
-0.06456948
0.10207669
0.17012636
0.24231447
-0.14087029
-0.017566904
-0.11020295
-0.039754562
0.06692332
0.059648633
-0.18511379
-0.18367423
-0.13158041
0.1747435
-0.15453714
-0.012689495
0.030747073
-0.0021181973
0.16724782
-0.19186872
0.31764552
-0.034126367
-0.3934313
0.106583044
-0.17748779
-0.07311975
0.14294592
-0.11922706
0.2562685
0.0604234
0.15642451
-0.067960046
-0.43405092
-0.030231776
-0.20269267
0.14046697
-0.055951625
-0.3025931
-0.06948227
-0.072963305
0.027516795
0.4064787
0.10091589
-0.032416355
-0.14186524
0.21320118
0.14742695
0.35640758
0.30759126
-0.034522116
-0.023187106
-0.17375588
-0.002915027
0.06513036
-0.13751234
0.22940837
0.22030345
-0.27737415
-0.30263433
-0.42321202
-0.022957059
-0.29920942
-0.13430804
-0.01662788
0.02256839
0.105231114
-0.19193739
0.023705663
-0.11326918
-0.055922903
0.24146225
-0.22874382
-0.116115436
-0.124311045
0.04361982
0.14201717
-0.12524162
0.39537102
-0.19468482
0.09219087
-0.15107653
-0.08763161
0.07141734
0.23524356
0.13451667
-0.13165863
-0.29712313
0.004468641
-0.025165198
0.0043793055
0.1591728
0.20120664
0.12782194
0.06540975
-0.035641637
-0.2545411
-0.11936281
0.5363499
0.10444596
0.0054007494
0.05723574
0.37734827
-0.0568556
-0.036487285
0.18453227
-0.13085051
-0.20635493
-0.30837655
0.024159262
-0.17884351
-0.11536671
-0.06441506
-0.07636272
-0.22125606
-0.15030026
-0.030302752
-0.10782014
0.17403896
-0.3888472
0.17382294
0.22628607
-0.20516953
-0.092489034
-0.18034492
0.048484493
0.23537597
0.08331939
0.025563864
-0.33764046
-0.17830019
0.10276719
-0.33071584
-0.23093812
0.19671796
-0.046775423
-0.17041743
-0.0948543
0.08152947
-0.1399575
-0.19617033
-0.021482639
-0.03561598
-0.25433192
0.052352577
-0.42039657
-0.10626761
0.12367326
0.11189662
0.70315
-0.09270037
-0.045078818
0.45149967
0.20109805
0.0040409495
-0.22521633
0.554682
-0.11299946
-0.35966593
-0.0023638208
-0.2579111
0.033609603
0.14681247
1.3836322
-0.32490924
-0.06277628
0.19673614
-0.22736841
-0.065150134
0.088010594
0.54624295
-0.2632181
0.030804513
-0.054791037
0.13919292
-0.3911855
0.03099488
-0.15160683
0.25532985
-0.073609106
0.054558616
0.10450324
0.0715034
0.3004146
-0.12280696
0.043946147
-0.006253988
-0.17375234
-0.1096374
-0.055798728
0.5245117
-0.05234249
0.3466666
-0.18654856
0.13488495
0.2409981
-0.14723185
0.12756519
0.28314736
0.6563668
-0.11402708
0.3823612
-0.0144114625
-0.27147564
0.14415441
0.045141265
0.15177353
0.015015495
0.25496262
0.12371575
0.17172998
0.29994342
-0.1020543
-0.16227454
0.036503263
0.04186143
-0.029535344
-0.17537056
-0.30353224
0.0583749
-0.24587269
0.21204445
-0.13715231
-0.21723716
-0.019842727
-0.02222034
0.38549212
0.0617075
-0.1299172
0.043495126
-0.05768144
-0.38107562
0.055809256
-0.031928863
0.039636817
-0.22337036
0.05522475
0.17560552
-0.011112726
-0.25951603
-0.16260193
0.05244553
0.0063867904
-0.100617535
0.21750773
-0.049978353
-0.011114564
0.1435539
0.12776542
0.2340114
0.07829301
0.0055393637
-0.073647104
-0.1407993
-0.1371799
0.2298722
-0.13004991
-0.049964566
-0.013144673
-0.05754849
-0.012746243
0.14468096
-0.17572804
-0.16239856
-0.12460323
-0.06976044
-0.030305307
-0.25231433
-0.19674659
0.12983795
-0.1065286
-0.21351257
-0.06448168
0.09292802
0.21221937
0.049891613
-0.24100931
-0.058935307
0.39866522
-0.1962907
0.8461413
0.15850572
0.13568659
0.06530331
0.5104022
0.3437905
-0.26431134
0.24884759
0.24717624
0.24786997
0.21750784
-0.29187894
0.19676937
-0.11374267
-0.093377955
0.08193555
0.13848202
0.12765372
-0.18943255
-0.060485765
-0.100660235
-0.17795575
0.3124261
-0.48107323
0.39941043
-0.2620125
-0.19898354
0.010058499
0.09202709
0.26927274
-0.19700472
0.06474879
-0.2532716
-0.063297324
-0.11187337
-0.00634617
0.06372812
-0.010921011
-0.014881511
-0.8979463
-0.3582651
0.86748713
-0.3336589
-0.53800607
-0.34810278
-0.0805202
-0.35426885
-0.24729499
-0.25317618
-0.049275964
-0.35975906
-0.23392221
0.54182684
0.23080681
-0.41315797
-0.2099814
0.00084564666
-0.87106574
0.08414089
-0.13506378
-0.05446913
-0.48551416
0.06041606
0.37913367
-0.14461635
-0.05950264
0.29442978
0.42144874
0.045970578
0.23959316
-0.17187442
0.099701844
-0.031746075
-0.20072967
0.11204536
-0.15192656
0.021169048
0.079421096
-0.13739742
-0.21936157
-0.041157663
0.16228874
-0.057185296
-0.12369249
0.06523101
0.070431046
-0.061863616
0.1354289
0.17088243
-0.11507657
0.05184747
0.1505463
0.18933362
-0.07677596
0.30484036
0.1851148
-0.18217492
-0.23449977
0.09282993
0.03525331
-0.20533884
0.064209186
0.22492778
-0.19124132
0.13842249
-0.08685348
0.05452974
0.17936338
-0.0021419676
0.20336257
0.2291672
-0.2865236
0.018666754
-0.29958022
-0.090311795
0.22434905
-0.07815148
0.019355072
0.09443576
-0.21490842
0.03133055
0.05392629
-0.27044433
-0.052782375
-0.49267083
0.01599432
-0.06387897
-0.03552942
-0.48715004
-0.12804012
-0.22250305
-0.32425117
-0.03855897
0.16448797
-0.1760954
-0.12282564
-0.01915105
-0.1867186
-0.099489525
0.04034792
0.08269521
-0.17243643
0.1501628
-0.1495291
-0.21927728
0.02583646
-0.012789369
0.14136435
0.16422427
-0.12998088
-0.07425701
0.050778538
-0.1220802
0.50530905
0.004695901
-0.028527083
-0.019285727
-0.10403829
-0.13418819
0.18911347
0.13958623
0.285433
-0.050589252
0.21479672
0.23246801
-0.18493211
-0.09568025
0.049000546
0.038665455
0.28227913
0.20238659
-0.58675563
0.18836188
0.032063335
0.18145385
-0.02754528
0.6843062
-0.047608443
0.23220846
-0.08474112
0.018402666
0.5117209
0.1292143
-0.1418057
-0.0635023
-0.18335149
0.20035477
0.19267914
0.17590097
0.007272152
0.19487491
0.34784028
-0.085503206
-0.07704893
0.040963355
-0.18385302
-0.005612579
0.058029268
0.13722506
0.006971776
0.14777443
0.15604743
0.320312
0.21736884
-0.058029868
0.07180562
0.19610116
-0.18214919
0.3021901
-0.05940639
0.2921327
0.23471251
0.09066553
-0.08757507
-0.001609934
0.19505776
-0.050518427
-0.18028794
-0.12119207
0.239374
0.06180798
-0.10127744
0.06825265
-0.0020438973
-0.39033267
-0.15296002
0.14070368
0.1212384
-0.1323585
-0.32552662
0.10785044
-0.30685285
-0.039002553
0.40871257
-0.078449436
0.1849307
0.13101523
0.041818652
-0.19782493
-0.038478985
-0.09266822
0.011349522
-0.13467075
0.0067616305
0.01898973
0.0546318
-0.1582246
-0.14681503
-0.15411124
0.31680238
-0.4398469
-0.019475471
0.11210118
-0.14590153
0.08054436
-0.2228083
-0.10851007
0.14482613
0.14584264
0.14902914
-0.04325805
-0.077687524
-0.26439327
0.17354606
-0.041573238
-0.028678903
-0.07185489
0.11781791
0.07824779
-0.23461074
-0.21767375
-0.15752599
0.06258674
0.14553279
0.37033704
-0.061769422
0.027593218
-0.13975665
-0.0773743
-0.16139953
-0.2798747
0.029337835
-0.002380829
-0.13316502
0.052620813
-0.16271573
-0.23310913
0.016883122
-0.14608277
-0.0027027633
-0.20252594
-0.0040513887
-0.063283056
0.07876886
0.061979283
0.19928603
0.17751628
-0.024948059
0.03685683
-0.1510483
-0.19668828
-0.098427065
-0.068662554
-0.42325217
-0.290942
-0.093394615
0.30192125
-0.3385212
0.29654083
-0.12707373
-0.25643244
0.025035465
-0.18994635
-0.13478482
-0.2785897
-0.114819005
-0.26725557
-0.26348308
0.019407608
-0.016274793
-0.088636786
0.09569133
0.0030316524
0.1443532
0.2729779
0.49606538
-0.13702556
0.093586795
0.19655268
0.21888801
-0.065247595
0.20820704
0.20638648
-0.17353961
0.0324717
-0.026991816
0.19598258
0.26649323
0.8060231
-0.024090929
0.021655979
0.38263088
0.24919121
-0.30468777
0.067692004
0.21658644
-0.26711524
0.05590239
-0.3577077
0.3365037
-0.6843446
-0.42007202
-0.1794702
0.20106651
-0.2389854
-0.48156056
-0.12020555
0.31058285
0.44821525
-0.33472124
0.5319586
0.07883059
-0.25979674
-0.03988607
-0.41435283
-0.13062964
0.34236464
0.40694642
-0.6752235
0.13773231
0.15799105
-0.10371994
0.0015885321
0.47969615
0.5692836
-0.4634007
-0.033200342
0.41516915
-0.12244821
0.0611249
0.14544569
0.21677212
-0.37970462
0.08283627
-0.0016988604
0.31564435
-0.43226978
-0.07687379
0.025210757
-0.24242036
0.07544508
0.023919232
-0.25928414
-0.17530976
-0.10817839
0.2788549
-0.6441537
0.2622871
0.089946724
0.18471652
0.056078162
-0.2866959
-0.004774377
-1.3195032
0.28017426
0.0023953216
-0.32800186
-0.038859412
0.112112455
-0.36912486
-0.5577116
0.48571005
-0.02860041
0.17979854
0.006972389
0.21643439
0.2308315
0.36802158
-0.1814995
-0.09461193
0.13158701
-0.15204476
0.036289908
-0.4732086
-0.00816888
-0.43468967
0.058707125
-0.07385351
-0.04607098
-0.3648686
-0.14640245
0.3182146
-0.23172444
0.11071151
-0.07537025
-0.2856304
0.105282776
-0.09212607
-0.52533877
-0.45364976
0.06021581
-0.24208476
-0.034741826
0.20275715
-0.2920801
-0.30874506
-0.19930333
-0.28977287
-0.066451065
0.15723398
-0.17968446
-0.5381824
0.07460887
0.032006092
0.07799956
-0.05089062
0.0391805
0.13038296
-0.19227484
-0.090832174
-0.06618847
-0.1104205
-0.052190594
0.007961085
-0.19768038
-0.24988182
0.19358392
0.25118813
-0.18049175
0.024477376
0.21941063
0.0014954559
-0.064237446
0.11503474
-0.028791768
-0.26356953
-0.17204376
-0.018383855
0.19989587
-0.15394762
-0.012859937
-0.0059851357
0.03057843
-0.19703579
0.024022866
0.02700965
-0.08610938
-0.068029135
-0.026489746
0.029680232
-0.19769926
0.0072810953
-0.095923804
-0.009960952
-0.12209571
0.011943209
-0.066770785
-0.04412011
0.03945352
-0.07817754
0.359177
-0.15702268
-0.17703412
0.11767232
-0.04290192
0.07137648
-0.23119295
0.081921086
-0.1358396
-0.029982312
0.06730544
0.18844356
-0.30011153
-0.0111288065
-0.1404782
0.16014943
-0.0046805185
-0.0357955
-0.08088642
0.005754013
0.001635565
0.002112274
-0.11961074
-0.09796728
-0.13069971
0.04667812
0.18037789
0.047963537
-0.039434884
0.008164441
0.053157054
0.2547167
-0.17764315
0.12764694
0.07709073
-0.15569703
-0.048770323
0.11071094
-0.013018599
-0.05029654
0.0622918
0.09817632
0.045454804
-0.13467465
0.14541769
-0.048608147
-0.14133039
0.15386268
-0.3347376
-0.05439417
0.11945748
0.007620511
0.043867137
0.09101297
0.07913768
-0.014216349
-0.15576796
0.031231426
0.19968401
-0.16542697
0.065601304
0.12568332
0.00643457
0.02916498
-0.085276976
0.08621354
-0.14145333
0.07117073
-0.008437205
-0.061786514
0.13088714
-0.008758603
-0.21656427
-0.20049894
0.19091544
0.1140191
-0.37433398
-0.20462792
-0.102870315
0.31758794
-0.20993088
0.35474545
0.029652642
-0.26127598
-0.12255648
0.1784815
-0.10088866
-0.16462417
0.03848345
0.07924472
-0.10131925
-0.027226476
-0.14379741
-0.036965337
0.01993924
0.17517743
-0.12634231
0.043855857
0.054000407
-0.048156105
-0.025877366
0.06133344
-0.20402718
-0.23633079
0.13665073
0.27477428
-0.048214413
0.086088985
-0.10210929
0.2930974
0.051974036
0.09456405
0.0067286533
-0.19601628
-0.16038014
0.07583379
0.017196428
-0.21467125
-0.2579947
0.037099913
0.29528475
0.029403765
-0.080921635
0.08558202
0.030439274
-0.05229357
0.13902803
-0.15344486
-0.1371182
-0.07392038
0.19894893
0.21241409
0.3594574
0.01813968
-0.06996059
0.13730736
-0.07659271
-0.041863084
-0.07572425
0.19515416
-0.17122002
-0.14126743
0.046031196
0.28167284
0.15120357
0.18814375
-0.04346952
0.036383327
-0.13546665
-0.6167903
-0.24115692
-0.04483266
-0.16305692
-0.048700713
-0.018211847
0.014962381
-0.26015505
0.13335294
0.27830032
-0.10915628
0.03105511
-0.073050275
-0.23797044
-1.1358327
0.06906368
0.025045935
-0.083200306
0.25766185
0.34742215
-0.37236327
-0.4286926
0.31651884
-0.2822976
0.15961592
-0.040087633
0.4305268
-0.048008986
-0.13659823
-0.24776796
0.06160306
0.19506654
0.23882183
-0.39098328
-0.5496057
0.16488247
-0.20634843
0.0022783203
-0.0106788
0.07238012
0.121258445
0.04685405
-0.15638284
0.041264746
0.40253237
-0.1688296
-0.30923864
0.14699596
-0.13425085
-0.28476086
-0.57302564
0.19355154
-0.02196985
0.06576534
0.18741177
-0.10666219
-0.19272564
0.07421373
0.3879903
-0.30897984
0.06780833
-0.13282807
-0.33215126
0.1688682
0.07488887
-0.3013035
-0.26892805
0.042052407
0.20350492
0.07872935
0.44657862
0.14365272
0.039482392
0.0129308505
-0.013712711
0.007074244
0.099253945
-0.06703541
0.1655084
0.17519327
0.14677572
0.12620045
0.20608358
0.011053477
-0.15323427
0.23057748
-0.054906104
-0.020938158
-0.1600732
-0.03341312
0.13785566
0.30489445
0.019994363
-0.08981937
-0.22144322
0.16234821
-0.08542983
0.07624841
0.030420506
-0.02712162
-0.23764165
0.29261023
-0.25299668
0.059754606
0.027221408
0.02566539
-0.0076002097
0.14658533
0.18098901
0.13632776
-0.07217921
-0.073371716
0.12791651
0.07131156
0.12814505
0.08676701
-0.09306028
-0.103762634
0.3462136
0.1306208
-0.19154653
-0.19058105
-0.102784246
-0.008610932
0.14645903
-0.12526743
0.06626752
-0.027046395
0.007278413
0.1296896
-0.36439458
-0.09261079
-0.17566627
-0.33124888
0.16949815
0.16142039
0.36394027
-0.02663828
0.1545067
0.20287465
0.08257255
0.0667245
-0.2502386
-0.18837263
-0.35301888
0.04423266
0.0061662598
-0.17720881
0.20444764
0.095649324
-0.110403106
-0.22247705
0.25040632
-0.19046685
0.060021758
-0.0062194997
0.17758684
-0.029253585
-0.15823817
-0.3378641
-0.09050564
0.22699222
0.15718454
0.120105766
-0.17010698
-0.075634584
-0.20014627
-0.14852622
0.0041787997
-0.05905608
0.14278795
-0.11596234
0.019493777
-0.14956942
-0.03544305
-0.21690367
-0.08171125
0.098405704
0.010363214
-0.318125
-0.416214
0.19210254
-0.1279293
-0.05390809
-0.19817184
0.12374165
-0.20273635
0.36636797
0.113760054
-0.21267584
-0.017521214
-0.24109656
0.04066058
0.17012934
0.029475559
0.33011922
0.054328702
0.06652772
-0.10484348
-0.09819839
-0.025815709
0.045316067
-0.17809887
0.075590536
-0.1548559
-0.116825536
0.04571654
-0.14535683
0.028207824
0.16061026
0.03934644
0.03770903
0.286759
0.030458715
0.16087049
-0.07366896
-0.044876378
-0.27475575
-0.008203733
0.17365085
-0.06705101
-0.03992525
0.09146688
-0.063601226
-0.12311446
0.050382912
0.106341474
-0.041741293
0.35047942
0.25721627
-0.24426112
-0.038908478
-0.16295904
-0.15847628
-0.12650631
-0.11271715
-0.13763109
-0.15169486
0.04500164
0.16248684
-0.111588925
-0.2791355
-0.031891026
0.19240768
-0.05071056
0.13114083
-0.028578201
-0.017690752
-0.026256133
0.05536054
-0.12869124
0.09185102
-0.15722072
-0.007477599
-0.22545028
-0.03844112
-0.08898826
0.28351763
-0.014698067
0.02935941
0.09980431
0.12735109
0.17537789
-0.070621386
-0.12275837
0.044416882
-0.1829653
0.39614964
0.02120299
-0.1559563
0.006256544
0.031676088
-0.2621167
-0.0033872665
0.3853168
-0.08711335
-0.043325827
-0.15694696
-0.29320264
0.08717473
-0.12696978
0.049677134
-0.15452857
0.009943199
-0.14024828
0.25285596
0.14251108
-0.06101312
0.3411276
0.06846989
-0.047869563
-0.005223254
-0.19400494
-0.23050873
-0.041119214
-0.19280328
-0.15554486
0.027079016
0.31000188
-0.06550305
-0.23113146
-0.12761118
0.09080691
0.15495227
-0.020668266
0.020769222
-0.3432244
-0.11452947
-0.2852055
0.037010957
0.022464124
0.16444488
0.09192439
-0.009746648
0.22138233
0.16744977
0.12799336
0.10582473
-0.022086479
-0.265123
-0.10568181
-0.15952829
-0.05612588
0.10056977
-0.17337283
0.18254632
0.009425676
0.07661852
0.09594119
-0.041071787
0.08774847
0.32221407
-0.19411698
-0.07622542
-0.04095397
-0.25500965
-0.083210625
0.104201674
-0.10245366
0.2304427
0.100633144
-0.10443953
-0.1876681
-0.20585816
0.0012911615
0.03419743
-0.07094015
0.15509348
-0.12878937
0.1211664
0.16422954
0.074792854
0.12429306
-0.03219933
-0.05928903
-0.20679551
0.1120937
0.07915366
0.24919152
-0.038220614
-0.13034675
-0.032520264
-0.10334089
0.0017939152
0.07904666
0.012305339
-0.05973088
-0.13641171
-0.19405942
-0.28143412
-0.034907613
0.085008405
-0.15770686
-0.2061492
0.028321609
-0.01236912
0.030858716
-0.2735081
-0.28821653
-0.32190162
0.30977276
0.20800404
-0.1473038
0.047424264
-0.1497362
0.1587334
-0.33466205
-0.038883474
0.049030673
-0.10734751
0.22261089
0.002607635
0.17517473
-0.0017629236
0.08606271
-0.0036933878
-0.016156819
-0.05971016
0.0883994
0.100262545
0.11328323
-0.013562961
0.04982634
0.0877845
0.011481088
0.030125117
0.40098575
-0.0039572464
-0.00895707
0.051255915
-0.0026157533
0.003984444
-0.017678516
0.021117656
-0.04098161
0.0017259716
-0.09150325
0.054356944
-0.116958715
-0.00089418946
0.09291724
-0.005053493
-0.14594296
0.11927063
-0.08466953
-0.19029456
5.9252336e-05
0.14356668
0.019309
-0.110618934
-0.044783793
-0.10324688
0.00018092805
0.062834844
-0.023924213
0.051835727
-0.039670542
-0.13571048
0.1512526
-0.099407606
-0.109616235
-0.05759168
-0.002350059
-0.031202845
0.0031977505
-0.07432068
0.00034448333
0.082644604
0.0038821308
0.0053506508
-0.0037935048
0.07930585
-0.10473879
0.0071889907
0.014815814
0.12870277
-0.010751926
0.22635159
-0.23956282
-0.11908446
0.37871075
0.7222954
-0.18726212
0.34367153
0.34154707
-0.08616714
-0.23654552
-0.12291874
-0.009745714
-0.20949924
0.01664224
0.046537425
-0.40938163
-0.104465336
-0.47350252
0.3357996
0.2103534
0.24701847
0.18654773
-0.26958415
0.6043179
0.2995336
0.13359186
0.003854769
0.14360207
-0.13433172
0.013554527
-0.08651791
-0.0029550935
-0.009939236
-0.13647188
0.18881537
0.0015238088
-0.1211565
0.04503944
0.5305639
-0.057438057
0.10038929
-0.027448485
-0.21134642
0.37322164
0.20341295
0.0950628
-0.05032066
-0.005003757
-0.02112817
0.02109259
0.44759905
-0.36812988
-0.2184175
-0.07114515
0.4111285
-0.40055132
-0.049812075
-0.42160544
-0.13147393
-0.028315177
-0.054816
-0.607144
-0.04595993
-0.03479267
0.0010877806
0.089900725
-0.000999834
0.056410126
-0.005173641
-0.016145775
0.0735825
0.003907353
0.06586909
-0.047997724
-0.14030805
0.0150233805
-0.1215491
0.055929806
-0.26866406
0.012748747
-0.0011160914
-0.0715179
0.01725598
0.00056520005
-0.15715729
-0.06391289
0.08021417
-0.011461478
0.00412469
-0.0031720572
-0.050342023
-0.017726708
-0.05316686
0.089933865
-0.0062936647
0.008798919
0.04357476
0.07365147
0.1164562
0.00034442745
-0.11173032
-0.022520524
-0.010637932
-0.032899186
-0.033305157
-0.010676757
0.034417827
-0.078984685
-0.05470881
0.05222731
0.24947591
0.013379732
0.067039855
-0.0399775
-0.10621442
0.055035204
0.037124243
-0.0014987435
0.046578195
-0.0059827785
-0.032575004
-0.046626028
0.001122978
0.0025399674
0.031185914
0.05285507
0.021628443
0.24468894
0.09616675
-0.3329577
0.12790568
0.17743681
-0.20633292
0.5479503
0.18321607
-0.18190876
0.16643173
0.458081
-0.20712619
0.07923248
-0.1767483
-0.0024708305
-0.0695208
-0.11870885
0.061385803
-0.12812534
0.1656816
-0.5341898
0.34584555
-0.05890695
0.19146596
0.21303871
-0.47700042
0.4821157
0.2544955
-0.3998944
-0.38009346
0.009943516
0.036757182
0.19398916
-0.35401344
-0.13271633
0.020156583
-0.09813803
-0.053153705
-0.07309963
-0.09988773
0.19658518
0.1253882
0.12670964
0.34395936
0.41132736
-0.28450984
0.42655212
0.062484186
0.16664252
0.08042284
0.0483446
-0.38460672
-0.030669365
-0.07570509
-0.2910813
0.11766613
-0.011716804
0.02767742
-0.45302942
-0.089071654
-0.59183854
-0.24514869
-0.28425932
-0.046959743
-0.5834726
0.0
1.0