10692.349512 7537.036269 7584.156009
10692.349512 7537.036269 7584.156009
10691.451418 7536.746961 7583.177347
10690.556016 7536.462519 7582.197612
10689.663305 7536.182945 7581.216802
10688.773287 7535.908237 7580.234919
10684.363619 7534.607704 7575.309412
10680.021400 7533.428855 7570.357112
10675.746747 7532.371702 7565.378057
10671.539775 7531.436256 7560.372285
10657.543627 7529.142993 7542.893473
10644.360179 7528.299661 7525.098526
10631.995128 7528.906720 7506.989010
10620.454619 7530.964629 7488.566491
10609.745247 7534.473842 7469.832537
10599.874047 7539.434814 7450.788716
10590.848497 7545.847996 7431.436598
10582.676513 7553.713837 7411.777752
10575.366441 7563.032781 7391.813751
10568.927060 7573.805275 7371.546165
10563.367566 7586.031758 7350.976567
10558.697573 7599.712671 7330.106531
10554.927105 7614.848450 7308.937632
10552.066589 7631.439528 7287.471443
10550.126844 7649.486339 7265.709542
10549.119071 7668.989311 7243.653506
10549.054852 7689.948872 7221.304911
10549.946134 7712.365447 7198.665337
10551.805215 7736.239457 7175.736363
10554.644739 7761.571323 7152.519568
10558.477683 7788.361462 7129.016534
10563.317344 7816.610288 7105.228843
10569.177322 7846.318216 7081.158076
10576.071510 7877.485654 7056.805818
10584.014082 7910.113012 7032.173651
10593.019478 7944.200693 7007.263162
10603.102382 7979.749101 6982.075935
10614.277707 8016.758637 6956.613558
10626.560592 8055.229699 6930.877616
10639.966372 8095.162683 6904.869698
10654.510564 8136.557981 6878.591393
10670.208845 8179.415984 6852.044290
10687.077047 8223.737082 6825.229978
10705.131133 8269.521659 6798.150050
10724.387167 8316.770100 6770.806096
10744.861309 8365.482785 6743.199709
10758.879875 8398.045292 6725.052524
10773.428102 8431.231017 6706.794809
10788.510513 8465.040063 6688.427006
10804.131639 8499.472535 6669.949557
10804.131639 8499.472535 6669.949557
10829.146479 8553.481733 6641.412783
10855.472841 8608.974613 6612.627822
10883.127030 8665.951515 6583.596149
10912.125317 8724.412774 6554.319239
10942.483928 8784.358726 6524.798566
10974.219015 8845.789703 6495.035606
11007.346632 8908.706034 6465.031837
11041.882723 8973.108047 6434.788734
11077.843109 9038.996067 6404.307776
11115.243465 9106.370417 6373.590441
11154.099293 9175.231418 6342.638209
11194.425917 9245.579387 6311.452559
11236.238464 9317.414642 6280.034971
11279.551848 9390.737495 6248.386927
11324.380746 9465.548258 6216.509907
11370.739591 9541.847240 6184.405394
11418.642559 9619.634748 6152.074872
11468.103553 9698.911086 6119.519822
11519.136185 9779.676556 6086.741730
11571.753767 9861.931458 6053.742079
11625.969305 9945.676090 6020.522355
11681.795484 10030.910746 5987.084044
11739.244653 10117.635720 5953.428631
11798.328823 10205.851301 5919.557604
11859.059656 10295.557779 5885.472450
11921.448461 10386.755439 5851.174657
11985.506181 10479.444564 5816.665714
12051.243390 10573.625436 5781.947109
12118.670292 10669.298334 5747.020333
12187.796712 10766.463534 5711.886874
12258.632095 10865.121310 5676.548225
12331.185502 10965.271934 5641.005876
12405.465612 11066.915676 5605.261320
12481.480715 11170.052803 5569.316047
12559.238720 11274.683579 5533.171552
12638.747148 11380.808268 5496.829327
12720.013139 11488.427129 5460.290866
12803.043449 11597.540421 5423.557663
12887.844457 11708.148399 5386.631214
12974.422169 11820.251315 5349.513013
12974.422169 11820.251315 5349.513013
13062.773863 11933.841175 5312.202539
13152.896459 12048.909993 5274.699352
13244.794877 12165.458036 5237.005072
13338.473683 12283.485568 5199.121319
13433.937094 12402.992851 5161.049715
13531.188983 12523.980144 5122.791881
13630.232893 12646.447704 5084.349438
13731.072036 12770.395784 5045.724009
13833.709303 12895.824636 5006.917216
13938.147273 13022.734510 4967.930683
14044.388222 13151.125652 4928.766033
14152.434129 13280.998306 4889.424891
14262.286686 13412.352714 4849.908881
14373.947301 13545.189114 4810.219628
14487.417119 13679.507744 4770.358758
14602.697021 13815.308837 4730.327896
14719.787632 13952.592625 4690.128669
14838.689335 14091.359337 4649.762704
14959.402280 14231.609200 4609.231627
15081.926393 14373.342436 4568.537066
15206.261378 14516.559269 4527.680650
15332.406734 14661.259917 4486.664007
15460.361761 14807.444596 4445.488764
15590.125572 14955.113520 4404.156553
15721.697092 15104.266901 4362.669002
15855.075077 15254.904948 4321.027740
15990.258119 15407.027866 4279.234400
16127.244653 15560.635861 4237.290610
16266.032966 15715.729132 4195.198003
16406.621204 15872.307880 4152.958210
16549.007381 16030.372300 4110.572862
16693.189389 16189.922585 4068.043592
16839.165000 16350.958928 4025.372032
16986.931874 16513.481517 3982.559815
17136.487574 16677.490539 3939.608574
17287.829562 16842.986176 3896.519943
17440.955213 17009.968609 3853.295555
17595.861816 17178.438019 3809.937046
17752.546587 17348.394580 3766.446048
17911.006669 17519.838466 3722.824198
17911.006669 17519.838466 3722.824198
18071.216521 17692.747201 3679.070944
18233.150547 17867.098322 3635.185888
18396.805724 18042.892020 3591.170897
18562.178978 18220.128482 3547.027839
18729.267194 18398.807894 3502.758581
18898.067219 18578.930438 3458.364990
19068.575869 18760.496293 3413.848934
19240.789931 18943.505636 3369.212282
19414.706165 19127.958641 3324.456901
19590.321310 19313.855479 3279.584662
19767.632089 19501.196319 3234.597432
19946.635211 19689.981326 3189.497082
20127.327374 19880.210664 3144.285480
20309.705267 20071.884493 3098.964497
20493.765575 20265.002969 3053.536002
20679.504983 20459.566249 3008.001867
20866.920172 20655.574483 2962.363962
21056.007831 20853.027822 2916.624157
21246.764653 21051.926410 2870.784324
21439.187337 21252.270393 2824.846334
21633.272594 21454.059911 2778.812059
21829.017145 21657.295102 2732.683371
22026.417727 21861.976101 2686.462142
22225.471090 22068.103042 2640.150243
22426.174002 22275.676054 2593.749548
22628.523249 22484.695263 2547.261929
22832.515637 22695.160796 2500.689259
23038.147994 22907.072772 2454.033411
23245.417168 23120.431312 2407.296259
23454.320033 23335.236530 2360.479675
23664.853486 23551.488541 2313.585535
23877.014449 23769.187454 2266.615711
24090.799872 23988.333378 2219.572077
24306.206729 24208.926418 2172.456508
24523.232026 24430.966675 2125.270879
24741.872792 24654.454250 2078.017063
24962.126090 24879.389239 2030.696936
25183.989009 25105.771735 1983.312372
25407.458669 25333.601831 1935.865246
25632.532220 25562.879615 1888.357434
25632.532220 25562.879615 1888.357434
25859.211574 25793.609908 1840.790891
26087.498671 26025.797530 1793.167552
26317.390756 26259.442558 1745.489258
26548.885100 26494.545068 1697.757851
26781.979010 26731.105133 1649.975173
27016.669822 26969.122823 1602.143066
27252.954904 27208.598207 1554.263372
27490.831656 27449.531347 1506.337933
27730.297510 27691.922306 1458.368593
27971.349929 27935.771144 1410.357193
28213.986408 28181.077917 1362.305577
28458.204475 28427.842678 1314.215586
28704.001687 28676.065479 1266.089064
28951.375635 28925.746367 1217.927853
29200.323938 29176.885388 1169.733797
29450.844250 29429.482585 1121.508739
29702.934254 29683.537997 1073.254521
29956.591663 29939.051662 1024.972987
30211.814222 30196.023615 976.665980
30468.599705 30454.453886 928.335343
30726.945918 30714.342505 879.982920
30986.850695 30975.689498 831.610554
31248.311900 31238.494889 783.220088
31511.327428 31502.758698 734.813366
31775.895199 31768.480943 686.392231
32042.013166 32035.661639 637.958527
32309.679307 32304.300798 589.514098
32578.891632 32574.398432 541.060786
32849.648174 32845.954545 492.600435
33121.946998 33118.969143 444.134889
33395.786192 33393.442227 395.665991
33671.163874 33669.373796 347.195585
33948.078186 33946.763846 298.725515
34226.527298 34225.612369 250.257623
34506.509405 34505.919356 201.793754
34788.022727 34787.684795 153.335751
35071.065510 35070.908672 104.885457
35355.636024 35355.590967 56.444716
35641.732562 35641.731661 8.015370
35929.353444 35929.330730 -40.400736
35929.353444 35929.330730 -40.400736
35941.445819 35941.420773 -42.430364
35953.540886 35953.513397 -44.459968
35965.638648 35965.608601 -46.489545
35977.739102 35977.706386 -48.519098
36038.281770 36038.234018 -58.666472
36098.891751 36098.826164 -68.813189
36159.569032 36159.482823 -78.959230
36220.313596 36220.203994 -89.104580
36511.002247 36510.743373 -137.489799
36803.219980 36802.750685 -185.857109
37096.965208 37096.225897 -234.204711
37392.236371 37391.168973 -282.530803
37689.031925 37687.579872 -330.833586
37987.350353 37985.458554 -379.111260
38287.190157 38284.804972 -427.362026
38588.549858 38585.619082 -475.584083
38891.428001 38887.900831 -523.775633
39195.823149 39191.650167 -571.934875
39501.733886 39496.867035 -620.060011
39809.158815 39803.551377 -668.149240
40118.096560 40111.703131 -716.200764
40428.545761 40421.322234 -764.212784
40740.505078 40732.408620 -812.183501
41053.973190 41044.962219 -860.111116
41368.948794 41358.982960 -907.993830
41685.430603 41674.470769 -955.829845
42003.417349 41991.425567 -1003.617362
42322.907780 42309.847276 -1051.354583
42643.900663 42629.735813 -1099.039710
42966.394778 42951.091092 -1146.670945
43290.388923 43273.913025 -1194.246490
43615.881913 43598.201521 -1241.764548
43942.872577 43923.956488 -1289.223321
44271.359759 44251.177829 -1336.621012
44601.342320 44579.865444 -1383.955823
44932.819134 44910.019234 -1431.225958
45265.789089 45241.639092 -1478.429620
45600.251090 45574.724913 -1525.565012
45936.204053 45909.276586 -1572.630338
46273.646910 46245.293999 -1619.623802
46612.578604 46582.777038 -1666.543608
46952.998094 46921.725583 -1713.387960
47294.904350 47262.139516 -1760.155063
47638.296355 47604.018712 -1806.843121
47896.275397 47860.852635 -1841.733429
48155.085717 48118.507214 -1876.577701
48414.726899 48376.982395 -1911.375186
48675.198536 48636.278122 -1946.125130
48675.198536 48636.278122 -1946.125130
49024.522922 48984.016435 -1992.481282
49375.345298 49333.236364 -2038.752845
49727.664735 49683.937777 -2084.938120
50081.480315 50036.120540 -2131.035407
50436.791131 50389.784514 -2177.043009
50793.596286 50744.929559 -2222.959227
51151.894895 51101.555533 -2268.782363
51511.686081 51459.662290 -2314.510720
51872.968979 51819.249682 -2360.142599
52235.742734 52180.317558 -2405.676305
52600.006500 52542.865766 -2451.110140
52965.759441 52906.894149 -2496.442408
53333.000729 53272.402548 -2541.671412
53701.729549 53639.390804 -2586.795456
54071.945089 54007.858751 -2631.812845
54443.646552 54377.806225 -2676.721884
54816.833145 54749.233055 -2721.520877
55191.504085 55122.139071 -2766.208130
55567.658600 55496.524099 -2810.781948
55945.295921 55872.387962 -2855.240638
56324.415291 56249.730481 -2899.582506
56705.015959 56628.551473 -2943.805859
57087.097182 57008.850755 -2987.909002
57470.658225 57390.628140 -3031.890245
57855.698359 57773.883438 -3075.747895
58242.216864 58158.616456 -3119.480259
58630.213025 58544.827001 -3163.085646
59019.686136 58932.514874 -3206.562366
59410.635495 59321.679875 -3249.908727
59803.060411 59712.321803 -3293.123039
60196.960194 60104.440452 -3336.203611
60592.334165 60498.035614 -3379.148755
60989.181647 60893.107080 -3421.956781
61387.501974 61289.654635 -3464.626000
61787.294481 61687.678065 -3507.154725
62188.558512 62087.177151 -3549.541266
62591.293416 62488.151674 -3591.783936
62995.498546 62890.601409 -3633.881048
63401.173262 63294.526131 -3675.830916
63808.316930 63699.925611 -3717.631853
63808.316930 63699.925611 -3717.631853
64216.927943 64106.798660 -3759.281857
64627.004697 64515.144081 -3800.778920
65038.546570 64924.961637 -3842.121346
65451.552945 65336.251088 -3883.307437
65866.023208 65749.012191 -3924.335499
66281.956752 66163.244701 -3965.203837
66699.352973 66578.948370 -4005.910756
67118.211272 66996.122946 -4046.454561
67538.531055 67414.768178 -4086.833559
67960.311730 67834.883808 -4127.046057
68383.552712 68256.469579 -4167.090363
68808.253418 68679.525230 -4206.964783
69234.413271 69104.050496 -4246.667626
69662.031695 69530.045113 -4286.197202
70091.108121 69957.508811 -4325.551818
70521.641981 70386.441319 -4364.729786
70953.632713 70816.842364 -4403.729415
71387.079756 71248.711668 -4442.549016
71821.982555 71682.048953 -4481.186901
72258.340557 72116.853938 -4519.641381
72696.153213 72553.126337 -4557.910768
73135.419975 72990.865866 -4595.993377
73576.140302 73430.072233 -4633.887519
74018.313652 73870.745148 -4671.591510
74461.939490 74312.884315 -4709.103664
74907.017281 74756.489439 -4746.422296
75353.546493 75201.560219 -4783.545722
75801.526599 75648.096354 -4820.472258
76250.957073 76096.097538 -4857.200221
76701.837392 76545.563465 -4893.727928
77154.167035 76996.493825 -4930.053697
77607.945484 77448.888305 -4966.175848
78063.172225 77902.746591 -5002.092699
78519.846743 78358.068365 -5037.802570
78977.968529 78814.853306 -5073.303782
79437.537074 79273.101094 -5108.594655
79898.551872 79732.811402 -5143.673511
80361.012418 80193.983902 -5178.538672
80824.918212 80656.618266 -5213.188462
81290.268753 81120.714159 -5247.621204
81290.268753 81120.714159 -5247.621204
81757.063543 81586.271247 -5281.835222
82225.302087 82053.289191 -5315.828840
82694.983890 82521.767652 -5349.600384
83166.108461 82991.706286 -5383.148180
83638.675309 83463.104748 -5416.470556
84112.683945 83935.962690 -5449.565837
84588.133883 84410.279761 -5482.432353
85065.024638 84886.055609 -5515.068431
85543.355725 85363.289877 -5547.472402
86023.126663 85841.982208 -5579.642595
86504.336971 86322.132241 -5611.577341
86986.986170 86803.739612 -5643.274971
87471.073783 87286.803956 -5674.733818
87956.599333 87771.324905 -5705.952214
88443.562345 88257.302087 -5736.928493
88931.962346 88744.735130 -5767.660989
89421.798862 89233.623658 -5798.148036
89913.071424 89723.967292 -5828.387971
90405.779561 90215.765651 -5858.379129
90899.922804 90709.018352 -5888.119848
91395.500685 91203.725009 -5917.608466
91892.512738 91699.885233 -5946.843320
92390.958497 92197.498635 -5975.822751
92890.837498 92696.564819 -6004.545097
93392.149276 93197.083390 -6033.008701
93894.893369 93699.053950 -6061.211903
94399.069316 94202.476097 -6089.153045
94904.676654 94707.349429 -6116.830471
95411.714925 95213.673539 -6144.242524
95920.183668 95721.448018 -6171.387549
96430.082425 96230.672455 -6198.263890
96941.410737 96741.346438 -6224.869895
97454.168149 97253.469549 -6251.203910
97968.354203 97767.041371 -6277.264283
98483.968443 98282.061482 -6303.049361
99001.010415 98798.529459 -6328.557494
99519.479663 99316.444876 -6353.787033
100039.375734 99835.807304 -6378.736328
100560.698173 100356.616312 -6403.403731
101083.446528 100878.871468 -6427.787593
101083.446528 100878.871468 -6427.787593
101607.620346 101402.572334 -6451.886270
102133.219175 101927.718473 -6475.698113
102660.242564 102454.309443 -6499.221479
103188.690060 102982.344801 -6522.454724
103718.561214 103511.824102 -6545.396203
104249.855574 104042.746896 -6568.044274
104782.572691 104575.112734 -6590.397296
105316.712114 105108.921161 -6612.453628
105852.273394 105644.171722 -6634.211630
106389.256082 106180.863958 -6655.669662
106927.659727 106718.997410 -6676.826086
107467.483883 107258.571613 -6697.679266
108008.728099 107799.586103 -6718.227563
108551.391927 108342.040410 -6738.469344
109095.474920 108885.934065 -6758.402972
109640.976628 109431.266594 -6778.026815
110187.896604 109978.037522 -6797.339239
110736.234399 110526.246371 -6816.338612
111285.989567 111075.892660 -6835.023303
111837.161658 111626.975907 -6853.391682
112389.750226 112179.495627 -6871.442119
112943.754822 112733.451331 -6889.172986
113499.174999 113288.842529 -6906.582656
114056.010310 113845.668729 -6923.669501
114614.260305 114403.929436 -6940.431897
115173.924538 114963.624152 -6956.868218
115735.002561 115524.752377 -6972.976840
116297.493925 116087.313609 -6988.756142
116861.398184 116651.307343 -7004.204501
117426.714887 117216.733071 -7019.320295
117993.443589 117783.590285 -7034.101906
118561.583839 118351.878471 -7048.547714
119131.135190 118921.597116 -7062.656101
119702.097193 119492.745702 -7076.425450
120274.469399 120065.323710 -7089.854145
120848.251360 120639.330618 -7102.940570
121423.442625 121214.765902 -7115.683113
122000.042745 121791.629035 -7128.080159
122578.051272 122369.919489 -7140.130096
123157.467754 122949.636731 -7151.831313
123157.467754 122949.636731 -7151.831313
123517.766912 123310.131978 -7158.917127
123878.608072 123671.176428 -7165.867623
124239.991126 124032.769952 -7172.682419
124601.915966 124394.912421 -7179.361130
125186.232052 124979.594184 -7189.835392
125771.954073 125565.700324 -7199.953725
126359.081579 126153.230296 -7209.714524
126947.614118 126742.183553 -7219.116183
127537.551237 127332.559546 -7228.157099
128128.892484 127924.357722 -7236.835670
128721.637407 128517.577529 -7245.150294
129315.785552 129112.218408 -7253.099371
129911.336465 129708.279802 -7260.681301
130508.289693 130305.761148 -7267.894486
131106.644782 130904.661883 -7274.737330
131706.401276 131504.981441 -7281.208235
132307.558721 132106.719253 -7287.305607
132910.116661 132709.874748 -7293.027851
133514.074641 133314.447354 -7298.373375
134119.432202 133920.436493 -7303.340587
134726.188890 134527.841589 -7307.927896
135334.344246 135136.662061 -7312.133712
135943.897812 135746.897326 -7315.956446
136554.849131 136358.546799 -7319.394512
137167.197743 136971.609893 -7322.446323
137780.943190 137586.086017 -7325.110293
138396.085011 138201.974580 -7327.384838
139012.622747 138819.274987 -7329.268376
139630.555935 139437.986641 -7330.759323
140249.884116 140058.108943 -7331.856101
140870.606828 140679.641292 -7332.557127
141492.723607 141302.583082 -7332.860826
142116.233991 141926.933709 -7332.765617
142741.137516 142552.692563 -7332.269927
143367.433719 143179.859034 -7331.372178
143995.122134 143808.432508 -7330.070798
144624.202297 144438.412370 -7328.364213
145254.673741 145069.798001 -7326.250853
145886.536001 145702.588782 -7323.729145
146519.788609 146336.784090 -7320.797522
146760.402399 146577.759208 -7319.577706
147001.216218 146818.936366 -7318.298576
147242.230042 147060.315529 -7316.960047
147483.443845 147301.896663 -7315.562034
147483.443845 147301.896663 -7315.562034
147803.517098 147622.459954 -7313.616305
148123.939646 147943.376064 -7311.564477
148444.711430 148264.644910 -7309.406347
148765.832387 148586.266410 -7307.141713
149405.356252 149226.795765 -7302.321717
150046.259805 149868.718318 -7297.078275
150688.542564 150512.033417 -7291.409792
151332.204046 151156.740410 -7285.314677
151977.243768 151802.838643 -7278.791341
152623.661247 152450.327457 -7271.838195
153271.455999 153099.206194 -7264.453649
153920.627539 153749.474192 -7256.636119
154571.175381 154401.130786 -7248.384018
155223.099040 155054.175310 -7239.695762
155876.398029 155708.607094 -7230.569769
156531.071859 156364.425469 -7221.004456
157187.120044 157021.629759 -7210.998244
157844.542095 157680.219290 -7200.549553
158503.337522 158340.193383 -7189.656806
159163.505834 159001.551357 -7178.318425
159825.046542 159664.292531 -7166.532835
160487.959154 160328.416218 -7154.298463
161152.243178 160993.921732 -7141.613734
161817.898121 161660.808383 -7128.477079
162484.923490 162329.075478 -7114.886925
163153.318790 162998.722324 -7100.841705
163823.083526 163669.748224 -7086.339850
164494.217204 164342.152479 -7071.379795
165166.719326 165015.934387 -7055.959973
165840.589395 165691.093246 -7040.078822
166515.826915 166367.628350 -7023.734777
167192.431386 167045.538991 -7006.926279
167870.402309 167724.824458 -6989.651768
168549.739185 168405.484040 -6971.909683
169230.441512 169087.517020 -6953.698470
169912.508790 169770.922682 -6935.016570
170595.940515 170455.700307 -6915.862430
171280.736187 171141.849173 -6896.234496
171966.895299 171829.368556 -6876.131216
172654.417350 172518.257730 -6855.551040
172996.663550 172861.185953 -6845.143555
173339.246301 173204.452337 -6834.617672
173682.165541 173548.056794 -6823.973200
174025.421209 173891.999232 -6813.209949
174025.421209 173891.999232 -6813.209949
174717.013027 174584.977318 -6791.195466
175409.965763 175279.322276 -6768.697915
176104.278910 175975.033369 -6745.715753
176799.951958 176672.109858 -6722.247436
177496.984398 177370.551001 -6698.291425
178195.375720 178070.356054 -6673.846178
178895.125411 178771.524269 -6648.910158
179596.232961 179474.054900 -6623.481827
180298.697856 180177.947195 -6597.559649
181002.519584 180883.200401 -6571.142091
181707.697628 181589.813762 -6544.227619
182414.231476 182297.786523 -6516.814702
183122.120610 183007.117921 -6488.901810
183831.364514 183717.807197 -6460.487413
184541.962670 184429.853586 -6431.569985
185253.914561 185143.256321 -6402.147999
185967.219667 185858.014634 -6372.219932
186681.877468 186574.127754 -6341.784260
187397.887444 187291.594909 -6310.839461
188115.249073 188010.415324 -6279.384015
188833.961833 188730.588220 -6247.416404
189554.025201 189452.112819 -6214.935109
190275.438653 190174.988339 -6181.938615
190998.201665 190899.213996 -6148.425408
191722.313711 191624.789004 -6114.393974
192447.774264 192351.712575 -6079.842802
193174.582797 193079.983918 -6044.770382
193902.738784 193809.602242 -6009.175204
194632.241694 194540.566750 -5973.055763
195363.090998 195272.876647 -5936.410551
196095.286167 196006.531134 -5899.238064
196828.826668 196741.529408 -5861.536801
197563.711970 197477.870667 -5823.305259
198299.941539 198215.554105 -5784.541938
199037.514843 198954.578914 -5745.245341
199776.431347 199694.944286 -5705.413969
200516.690515 200436.649407 -5665.046329
201258.291812 201179.693463 -5624.140925
202001.234700 201924.075639 -5582.696266
202745.518641 202669.795115 -5540.710860
202745.518641 202669.795115 -5540.710860
203491.143097 203416.851072 -5498.183219
204238.107529 204165.242687 -5455.111854
204986.411395 204914.969135 -5411.495278
205736.054156 205666.029589 -5367.332008
206487.035269 206418.423219 -5322.620559
207239.354190 207172.149196 -5277.359450
207993.010378 207927.206685 -5231.547200
208748.003286 208683.594852 -5185.182331
209504.332371 209441.312858 -5138.263365
210261.997085 210200.359864 -5090.788828
211020.996881 210960.735029 -5042.757244
211781.331212 211722.437509 -4994.167141
212542.999530 212485.466457 -4945.017048
213306.001284 213249.821026 -4895.305495
214070.335924 214015.500366 -4845.031015
214836.002899 214782.503624 -4794.192142
215603.001657 215550.829947 -4742.787410
216371.331645 216320.478478 -4690.815356
217140.992309 217091.448359 -4638.274518
217911.983095 217863.738728 -4585.163437
218684.303447 218637.348725 -4531.480654
219457.952809 219412.277483 -4477.224712
220232.930625 220188.524136 -4422.394156
221009.236334 220966.087817 -4366.987532
221786.869380 221744.967653 -4311.003387
222565.829203 222525.162772 -4254.440272
223346.115241 223306.672299 -4197.296737
224127.726934 224089.495357 -4139.571335
224910.663718 224873.631068 -4081.262621
225694.925032 225659.078550 -4022.369150
226480.510312 226445.836919 -3962.889479
227267.418991 227233.905292 -3902.822169
228055.650506 228023.282780 -3842.165778
228845.204289 228813.968495 -3780.918871
229636.079773 229605.961546 -3719.080011
230428.276390 230399.261039 -3656.647764
231221.793571 231193.866079 -3593.620696
232016.630746 231989.775768 -3529.997377
232812.787344 232786.989209 -3465.776378
233610.262793 233585.505498 -3400.956270
233610.262793 233585.505498 -3400.956270
234409.056522 234385.323734 -3335.535628
235209.167957 235186.443010 -3269.513027
236010.596524 235988.862420 -3202.887044
236813.341647 236792.581054 -3135.656258
237617.402752 237597.598001 -3067.819250
238422.779261 238403.912347 -2999.374602
239229.470597 239211.523178 -2930.320897
240037.476181 240020.429577 -2860.656721
240846.795434 240830.630624 -2790.380662
241657.427776 241642.125397 -2719.491309
242469.372627 242454.912975 -2647.987251
243282.629404 243268.992431 -2575.867081
244097.197524 244084.362839 -2503.129393
244913.076405 244901.023269 -2429.772784
245730.265461 245718.972791 -2355.795849
246548.764109 246538.210472 -2281.197189
247368.571761 247358.735377 -2205.975404
248189.687830 248180.546569 -2130.129097
249012.111730 249003.643109 -2053.656871
249835.842871 249828.024057 -1976.557333
250660.880664 250653.688470 -1898.829091
251487.224519 251480.635403 -1820.470753
252314.873845 252308.863910 -1741.480931
253143.828049 253138.373042 -1661.858238
253974.086538 253969.161849 -1581.601288
254805.648720 254801.229379 -1500.708697
255638.514000 255634.574678 -1419.179085
256472.681782 256469.196789 -1337.011069
257308.151470 257305.094755 -1254.203273
258144.922466 258142.267615 -1170.754319
258982.994174 258980.714408 -1086.662832
259822.365994 259820.434170 -1001.927440
260663.037327 260661.425935 -916.546770
261505.007573 261503.688737 -830.519453
262348.276129 262347.221605 -743.844121
263192.842394 263192.023568 -656.519408
264038.705765 264038.093653 -568.543949
264885.865639 264885.430886 -479.916383
265734.321410 265734.034288 -390.635348
266584.072473 266583.902883 -300.699486
266584.072473 266583.902883 -300.699486
266726.412558 266726.259671 -285.583836
266868.788903 266868.651864 -270.449800
267011.201506 267011.079457 -255.297373
267153.650362 267153.542446 -240.126548
267866.438363 267866.388161 -163.996226
268580.132297 268580.118075 -87.404996
269294.731808 269294.731609 -10.352066
270010.236539 270010.228186 67.163356
270866.476422 270866.428927 160.404687
271724.007936 271723.888931 254.308984
272582.830471 272582.607208 348.877594
273442.943414 273442.582762 444.111862
274304.346151 274303.814599 540.013130
275167.038070 275166.301721 636.582740
276031.018555 276030.043129 733.822030
276896.286991 276895.037823 831.732338
277762.842762 277761.284799 930.314999
278630.685250 278628.783053 1029.571347
279499.813837 279497.531579 1129.502714
280370.227905 280367.529368 1230.110430
281241.926833 281238.775410 1331.395823
282114.910002 282111.268694 1433.360219
282989.176791 282985.008206 1536.004944
283864.726575 283859.992931 1639.331318
284741.558734 284736.221851 1743.340664
285619.672643 285613.693947 1848.034300
286499.067678 286492.408199 1953.413544
287379.743213 287372.363585 2059.479710
288261.698621 288253.559079 2166.234112
289144.933276 289135.993656 2273.678061
290029.446550 290019.666288 2381.812867
290915.237814 290904.575945 2490.639838
291802.306439 291790.721596 2600.160280
292690.651794 292678.102208 2710.375496
293580.273247 293566.716746 2821.286789
294471.170168 294456.564173 2932.895459
295363.341923 295347.643451 3045.202805
296256.787879 296239.953540 3158.210122
297151.507401 297133.493397 3271.918706
298047.499853 298028.261980 3386.329848
298941.034034 298920.533040 3500.965106
299835.829330 299814.020564 3616.299649
300731.885112 300708.723519 3732.334750
301629.200750 301604.640867 3849.071678
301629.200750 301604.640867 3849.071678
302531.527203 302505.517037 3967.003146
303435.122770 303407.615653 4085.644869
304339.986808 304310.935658 4204.998125
305246.118678 305215.475996 4325.064191
306153.517735 306121.235607 4445.844344
307062.183336 307028.213430 4567.339856
307972.114839 307936.408403 4689.552001
308883.311596 308845.819462 4812.482046
309795.772964 309756.445542 4936.131261
310709.498296 310668.285574 5060.500910
311624.486943 311581.338490 5185.592259
312540.738259 312495.603220 5311.406569
313458.251593 313411.078689 5437.945099
314377.026298 314327.763825 5565.209109
315297.061721 315245.657552 5693.199854
316218.357212 316164.758791 5821.918588
317140.912118 317085.066465 5951.366564
318064.725788 318006.579492 6081.545032
318989.797566 318929.296790 6212.455241
319916.126800 319853.217276 6344.098436
320843.712832 320778.339862 6476.475863
321772.555009 321704.663462 6609.588763
322702.652672 322632.186988 6743.438377
323634.005164 323560.909348 6878.025944
324566.611828 324490.829450 7013.352700
325500.472003 325421.946201 7149.419880
326435.585029 326354.258505 7286.228715
327371.950247 327287.765266 7423.780438
328309.566995 328222.465384 7562.076276
329248.434609 329158.357759 7701.117456
330188.552429 330095.441290 7840.905202
331129.919789 331033.714874 7981.440738
332072.536025 331973.177404 8122.725283
333016.400471 332913.827775 8264.760057
333961.512463 333855.664879 8407.546276
334907.871332 334798.687606 8551.085155
335855.476411 335742.894844 8695.377905
336804.327032 336688.285481 8840.425739
337754.422525 337634.858402 8986.229864
338705.762221 338582.612491 9132.791487
338705.762221 338582.612491 9132.791487
339658.345449 339531.546632 9280.111812
340612.171537 340481.659703 9428.192042
341567.239814 341432.950586 9577.033378
342523.549606 342385.418157 9726.637018
343481.100239 343339.061294 9877.004158
344439.891039 344293.878871 10028.135993
345399.921332 345249.869760 10180.033716
346361.190439 346207.032834 10332.698515
347323.697686 347165.366964 10486.131581
348287.442395 348124.871016 10640.334098
349252.423886 349085.543860 10795.307252
350218.641482 350047.384359 10951.052224
351186.094503 351010.391379 11107.570195
352154.782267 351974.563783 11264.862343
353124.704094 352939.900430 11422.929843
354095.859302 353906.400181 11581.773870
355068.247208 354874.061893 11741.395595
356041.867128 355842.884425 11901.796189
357016.718379 356812.866630 12062.976819
357992.800276 357784.007362 12224.938650
358970.112132 358756.305474 12387.682848
359948.653261 359729.759816 12551.210572
360928.422976 360704.369238 12715.522983
361909.420590 361680.132587 12880.621237
362891.645414 362657.048710 13046.506491
363875.096757 363635.116452 13213.179898
364859.773931 364614.334656 13380.642609
365845.676245 365594.702164 13548.895772
366832.803006 366576.217816 13717.940536
367821.153523 367558.880453 13887.778044
368810.727102 368542.688911 14058.409440
369801.523051 369527.642027 14229.835864
370793.540674 370513.738635 14402.058455
371786.779276 371500.977570 14575.078350
372781.238162 372489.357663 14748.896684
373776.916635 373478.877745 14923.514587
374773.813998 374469.536645 15098.933191
375771.929552 375461.333190 15275.153624
376771.262599 376454.266208 15452.177012
377771.812440 377448.334523 15630.004479
377771.812440 377448.334523 15630.004479
378773.578374 378443.536959 15808.637146
379776.559701 379439.872338 15988.076133
380780.755719 380437.339481 16168.322558
381786.165725 381435.937207 16349.377536
382792.789017 382435.664335 16531.242181
383800.624892 383436.519682 16713.917603
384809.672644 384438.502062 16897.404913
385819.931569 385441.610290 17081.705216
386831.400961 386445.843178 17266.819618
387844.080114 387451.199539 17452.749221
388857.968320 388457.678180 17639.495125
389873.064871 389465.277913 17827.058430
390889.369059 390473.997543 18015.440232
391906.880176 391483.835876 18204.641624
392925.597510 392494.791718 18394.663698
393945.520351 393506.863872 18585.507545
394966.647989 394520.051139 18777.174252
395988.979710 395534.352320 18969.664905
397012.514803 396549.766215 19162.980587
398037.252554 397566.291622 19357.122379
399063.192249 398583.927337 19552.091360
400090.333174 399602.672156 19747.888607
401118.674612 400622.524874 19944.515196
402148.215848 401643.484282 20141.972198
403178.956166 402665.549172 20340.260684
404210.894847 403688.718336 20539.381723
405244.031175 404712.990561 20739.336379
406278.364429 405738.364637 20940.125719
407313.893891 406764.839348 21141.750802
408350.618841 407792.413481 21344.212689
409388.538557 408821.085819 21547.512437
410427.652319 409850.855145 21751.651101
411467.959405 410881.720240 21956.629734
412509.459091 411913.679886 22162.449388
413552.150655 412946.732860 22369.111111
414596.033372 413980.877940 22576.615949
415641.106518 415016.113904 22784.964947
416687.369367 416052.439525 22994.159146
417734.821193 417089.853580 23204.199588
418783.461271 418128.354839 23415.087308
418783.461271 418128.354839 23415.087308
419833.296258 419167.949656 23626.820097
420884.332824 420208.644400 23839.395727
421936.570255 421250.437863 24052.815208
422990.007836 422293.328836 24267.079550
424044.644853 423337.316112 24482.189759
425100.480588 424382.398479 24698.146839
426157.514326 425428.574726 24914.951793
427215.745349 426475.843641 25132.605621
428275.172940 427524.204008 25351.109321
429335.796380 428573.654615 25570.463888
430397.614950 429624.194243 25790.670315
431460.627930 430675.821677 26011.729594
432524.834600 431728.535698 26233.642715
433590.234239 432782.335086 26456.410663
434656.826125 433837.218621 26680.034423
435724.609537 434893.185081 26904.514979
436793.583750 435950.233242 27129.853309
437863.748041 437008.361883 27356.050393
438935.101687 438067.569776 27583.107205
440007.643962 439127.855697 27811.024719
441081.374141 440189.218417 28039.803908
442156.291498 441251.656709 28269.445739
443232.395306 442315.169344 28499.951180
444309.684838 443379.755090 28731.321196
445388.159367 444445.412716 28963.556748
446467.818163 445512.140990 29196.658798
447548.660497 446579.938678 29430.628303
448630.685639 447648.804546 29665.466219
449713.892860 448718.737357 29901.173500
450798.281429 449789.735874 30137.751096
451883.850613 450861.798861 30375.199958
452970.599680 451934.925077 30613.521032
454058.527898 453009.113284 30852.715262
455147.634534 454084.362239 31092.783592
456237.918852 455160.670702 31333.726961
457329.380120 456238.037428 31575.546306
458422.017601 457316.461175 31818.242565
459515.830560 458395.940696 32061.816670
460610.818260 459476.474746 32306.269553
461706.979964 460558.062079 32551.602142
461706.979964 460558.062079 32551.602142
462804.312371 461640.698801 32797.816381
463902.812174 462724.381016 33044.914218
465002.478629 463809.107466 33292.896580
466103.310991 464894.876890 33541.764394
467205.308517 465981.688029 33791.518582
468308.470459 467069.539621 34042.160068
469412.796073 468158.430405 34293.689770
470518.284610 469248.359116 34546.108605
471624.935325 470339.324491 34799.417488
472732.747468 471431.325264 35053.617332
473841.720291 472524.360170 35308.709046
474951.853046 473618.427941 35564.693540
476063.144983 474713.527309 35821.571719
477175.595351 475809.657005 36079.344485
478289.203399 476906.815760 36338.012741
479403.968377 478005.002302 36597.577385
480519.889533 479104.215359 36858.039314
481636.966114 480204.453659 37119.399423
482755.197367 481305.715928 37381.658603
483874.582538 482408.000891 37644.817744
484995.120874 483511.307273 37908.877734
486116.811620 484615.633797 38173.839459
487239.654021 485720.979187 38439.703800
488363.647321 486827.342163 38706.471640
489488.790764 487934.721447 38974.143855
490615.083592 489043.115759 39242.721324
491742.525049 490152.523817 39512.204918
492871.114377 491262.944340 39782.595511
494000.850817 492374.376045 40053.893970
495131.733611 493486.817649 40326.101164
496263.761998 494600.267867 40599.217957
497396.935219 495714.725413 40873.245211
498531.252514 496830.189002 41148.183787
499666.713121 497946.657347 41424.034542
500803.316278 499064.129159 41700.798332
501941.061224 500182.603150 41978.476010
503079.947195 501302.078031 42257.068427
504219.973430 502422.552510 42536.576432
505361.139163 503544.025297 42817.000871
506503.443631 504666.495100 43098.342588
506503.443631 504666.495100 43098.342588
507646.886069 505789.960625 43380.602425
508791.465712 506914.420579 43663.781222
509937.181794 508039.873668 43947.879815
511084.033549 509166.318595 44232.899039
512232.020211 510293.754066 44518.839727
513381.141011 511422.178782 44805.702710
514531.395182 512551.591446 45093.488814
515682.781955 513681.990760 45382.198867
516835.300563 514813.375424 45671.833690
517988.950236 515945.744139 45962.394105
519143.730204 517079.095602 46253.880932
520299.639696 518213.428513 46546.294985
521456.677943 519348.741569 46839.637079
522614.844173 520485.033468 47133.908027
523774.137613 521622.302904 47429.108637
524934.557493 522760.548573 47725.239716
526096.103038 523899.769170 48022.302070
527258.773477 525039.963388 48320.296501
528422.568035 526181.129921 48619.223809
529587.485939 527323.267461 48919.084791
530753.526413 528466.374700 49219.880245
531920.688683 529610.450328 49521.610962
533088.971972 530755.493035 49824.277733
534258.375506 531901.501511 50127.881348
535428.898507 533048.474445 50432.422592
536600.540199 534196.410524 50737.902249
537773.299804 535345.308437 51044.321102
538947.176544 536495.166868 51351.679929
540122.169641 537645.984506 51659.979507
541298.278316 538797.760033 51969.220610
542475.501790 539950.492136 52279.404012
543653.839283 541104.179498 52590.530483
544833.290014 542258.820802 52902.600789
546013.853204 543414.414731 53215.615696
547195.528071 544570.959966 53529.575967
548378.313834 545728.455189 53844.482363
549562.209711 546886.899080 54160.335643
550747.214918 548046.290319 54477.136561
551933.328674 549206.627585 54794.885872
553120.550195 550367.909558 55113.584328
553120.550195 550367.909558 55113.584328
554308.873919 551530.129965 55433.234131
555498.294276 552693.282525 55753.837489
556688.810473 553857.365902 56075.395154
557880.421717 555022.378758 56397.907876
559073.127213 556188.319754 56721.376401
560266.926168 557355.187552 57045.801476
561461.817785 558522.980812 57371.183843
562657.801269 559691.698192 57697.524242
563854.875826 560861.338354 58024.823412
565053.040657 562031.899955 58353.082088
566252.294968 563203.381653 58682.301003
567452.637960 564375.782106 59012.480889
568654.068837 565549.099970 59343.622474
569856.586800 566723.333901 59675.726485
571060.191051 567898.482555 60008.793645
572264.880791 569074.544587 60342.824677
573470.655221 570251.518651 60677.820299
574677.513543 571429.403401 61013.781228
575885.454954 572608.197491 61350.708180
577094.478657 573787.899573 61688.601865
578304.583849 574968.508298 62027.462995
579515.769729 576150.022320 62367.292276
580728.035497 577332.440288 62708.090414
581941.380349 578515.760853 63049.858111
583155.803485 579699.982665 63392.596068
584371.304100 580885.104373 63736.304983
585587.881393 582071.124627 64080.985552
586805.534559 583258.042075 64426.638468
588024.262795 584445.855363 64773.264422
589244.065296 585634.563141 65120.864103
590464.941258 586824.164054 65469.438198
591686.889876 588014.656748 65818.987389
592909.910345 589206.039870 66169.512359
594134.001858 590398.312065 66521.013786
595359.163610 591591.471977 66873.492349
596585.394794 592785.518251 67226.948721
597812.694604 593980.449530 67581.383574
599041.062231 595176.264458 67936.797578
600270.496869 596372.961678 68293.191401
601500.997710 597570.539831 68650.565708
601500.997710 597570.539831 68650.565708
602732.563945 598768.997561 69008.921161
603965.194766 599968.333508 69368.258421
605198.889363 601168.546313 69728.578146
606433.646927 602369.634617 70089.880991
607669.466649 603571.597059 70452.167610
608906.347719 604774.432281 70815.438653
610144.289325 605978.138920 71179.694770
611383.290658 607182.715615 71544.936606
612623.350905 608388.161005 71911.164805
613864.469257 609594.473727 72278.380008
615106.644900 610801.652420 72646.582856
616349.877023 612009.695720 73015.773984
617594.164813 613218.602264 73385.954026
618839.507458 614428.370688 73757.123615
620085.904143 615638.999628 74129.283381
621333.354057 616850.487719 74502.433951
622581.856385 618062.833597 74876.575949
623831.410312 619276.035896 75251.709998
625082.015025 620490.093250 75627.836719
626333.669709 621705.004293 76004.956729
627586.373548 622920.767660 76383.070644
628840.125727 624137.381982 76762.179076
630094.925430 625354.845894 77142.282638
631350.771842 626573.158026 77523.381935
632607.664146 627792.317012 77905.477576
633865.601525 629012.321484 78288.570164
635124.583162 630233.170072 78672.660299
636384.608240 631454.861407 79057.748581
637645.675942 632677.394121 79443.835607
638907.785449 633900.766843 79830.921969
640170.935943 635124.978205 80219.008262
641435.126606 636350.026835 80608.095073
642700.356619 637575.911363 80998.182990
643966.625162 638802.630418 81389.272597
645233.931417 640030.182629 81781.364478
646502.274564 641258.566625 82174.459212
647771.653782 642487.781033 82568.557376
649042.068252 643717.824482 82963.659546
650313.517153 644948.695599 83359.766296
651585.999664 646180.393012 83756.878194
651585.999664 646180.393012 83756.878194
652859.525455 647412.926209 84154.993641
654134.104210 648646.304698 84554.111025
655409.735124 649880.527134 84954.230898
656686.417396 651115.592172 85355.353809
657964.150222 652351.498465 85757.480305
659242.932798 653588.244668 86160.610931
660522.764321 654825.829436 86564.746229
661803.643986 656064.251422 86969.886739
663085.570990 657303.509280 87376.032999
664368.544526 658543.601663 87783.185543
665652.563791 659784.527225 88191.344906
666937.627979 661026.284618 88600.511618
668223.736286 662268.872496 89010.686206
669510.887904 663512.289510 89421.869198
670799.082028 664756.534314 89834.061115
672088.317853 666001.605560 90247.262481
673378.594571 667247.501901 90661.473813
674669.911376 668494.221987 91076.695629
675962.267461 669741.764471 91492.928442
677255.662019 670990.128004 91910.172765
678550.094242 672239.311239 92328.429107
679845.563323 673489.312826 92747.697975
681142.068454 674740.131416 93167.979874
682439.608826 675991.765662 93589.275307
683738.183632 677244.214213 94011.584775
685037.792063 678497.475721 94434.908774
686338.433309 679751.548835 94859.247801
687640.106563 681006.432208 95284.602349
688942.811014 682262.124490 95710.972908
690246.545854 683518.624330 96138.359968
691551.310272 684775.930379 96566.764014
692857.103458 686034.041287 96996.185531
694163.924603 687292.955705 97426.625000
695471.772896 688552.672282 97858.082900
696780.647526 689813.189668 98290.559709
698090.547684 691074.506513 98724.055900
699401.472557 692336.621467 99158.571947
700713.421334 693599.533179 99594.108318
702026.393205 694863.240300 100030.665482
703340.387358 696127.741478 100468.243905
703340.387358 696127.741478 100468.243905
704655.402980 697393.035364 100906.844048
705971.439261 698659.120606 101346.466373
707288.495387 699925.995854 101787.111337
708606.570546 701193.659758 102228.779398
709925.663927 702462.110966 102671.471008
711245.774715 703731.348128 103115.186619
712566.902098 705001.369894 103559.926680
713889.045264 706272.174912 104005.691637
715212.203398 707543.761832 104452.481936
716536.375688 708816.129303 104900.298017
717861.561319 710089.275974 105349.140322
719187.759478 711363.200494 105799.009286
720514.969352 712637.901514 106249.905346
721843.190124 713913.377680 106701.828934
723172.420982 715189.627644 107154.780480
724502.661111 716466.650054 107608.760413
725833.909697 717744.443560 108063.769159
727166.165923 719023.006810 108519.807140
728499.428977 720302.338454 108976.874779
729833.698041 721582.437142 109434.972494
731168.972301 722863.301522 109894.100702
732505.250942 724144.930244 110354.259816
733842.533149 725427.321958 110815.450250
735180.818104 726710.475313 111277.672412
736520.104992 727994.388959 111740.926711
737860.392998 729279.061545 112205.213550
739201.681305 730564.491721 112670.533333
740543.969097 731850.678136 113136.886460
741887.255558 733137.619441 113604.273329
743231.539870 734425.314286 114072.694336
744576.821217 735713.761320 114542.149875
745923.098782 737002.959193 115012.640337
747270.371749 738292.906556 115484.166111
748618.639299 739583.602059 115956.727582
749967.900617 740875.044353 116430.325137
751318.154884 742167.232087 116904.959155
752669.401283 743460.163912 117380.630019
754021.638997 744753.838480 117857.338104
755374.867207 746048.254441 118335.083785
756729.085097 747343.410445 118813.867437
756729.085097 747343.410445 118813.867437
758084.306875 748639.320621 119293.687808
759440.546774 749935.999123 119774.543639
760797.804004 751233.444643 120256.435286
762156.077777 752531.655873 120739.363100
763515.367304 753830.631505 121223.327431
764875.671796 755130.370233 121708.328629
766236.990465 756430.870748 122194.367039
767599.322520 757732.131743 122681.443003
768962.667174 759034.151913 123169.556864
770327.023637 760336.929949 123658.708961
771692.391120 761640.464545 124148.899631
773058.768833 762944.754396 124640.129207
774426.155987 764249.798195 125132.398022
775794.551792 765555.594637 125625.706407
777163.955459 766862.142415 126120.054690
778534.366198 768169.440225 126615.443195
779905.783219 769477.486762 127111.872246
781278.205733 770786.280720 127609.342165
782651.632949 772095.820795 128107.853269
784026.064078 773406.105683 128607.405877
785401.498330 774717.134079 129108.000302
786777.934913 776028.904681 129609.636857
788155.373040 777341.416184 130112.315851
789533.811918 778654.667285 130616.037592
790913.250758 779968.656682 131120.802386
792293.688769 781283.383071 131626.610536
793675.125162 782598.845150 132133.462342
795057.559145 783915.041617 132641.358105
796440.989928 785231.971171 133150.298121
797825.416722 786549.632509 133660.282683
799210.838734 787868.024331 134171.312084
800597.255175 789187.145336 134683.386614
801984.665253 790506.994223 135196.506561
803373.068179 791827.569692 135710.672211
804762.463162 793148.870443 136225.883846
806152.849410 794470.895176 136742.141747
807544.226133 795793.642593 137259.446194
808936.592540 797117.111394 137777.797464
810329.947841 798441.300281 138297.195830
811724.291245 799766.207956 138817.641565
811724.291245 799766.207956 138817.641565
813119.621960 801091.833120 139339.134939
814515.939197 802418.174477 139861.676220
815913.242163 803745.230728 140385.265674
817311.530068 805073.000579 140909.903563
818710.802122 806401.482731 141435.590150
820111.057533 807730.675889 141962.325693
821512.295511 809060.578757 142490.110449
822914.515264 810391.190041 143018.944673
824317.716001 811722.508445 143548.828618
825721.896933 813054.532675 144079.762533
827127.057267 814387.261436 144611.746667
828533.196213 815720.693435 145144.781265
829940.312980 817054.827380 145678.866572
831348.406778 818389.661976 146214.002828
832757.476815 819725.195932 146750.190274
834167.522300 821061.427955 147287.429146
835578.542443 822398.356754 147825.719680
836990.536452 823735.981038 148365.062107
838403.503538 825074.299516 148905.456660
839817.442909 826413.310898 149446.903566
841232.353775 827753.013894 149989.403052
842648.235344 829093.407214 150532.955341
844065.086827 830434.489570 151077.560656
845482.907433 831776.259673 151623.219216
846901.696370 833118.716235 152169.931240
848321.452849 834461.857969 152717.696942
849742.176079 835805.683587 153266.516536
851163.865270 837150.191803 153816.390233
852586.519630 838495.381331 154367.318242
854010.138371 839841.250885 154919.300769
855434.720700 841187.799180 155472.338021
856860.265829 842535.024932 156026.430198
858286.772967 843882.926855 156581.577501
859714.241324 845231.503667 157137.780129
861142.670109 846580.754084 157695.038277
862572.058533 847930.676824 158253.352140
864002.405806 849281.270604 158812.721910
865433.711138 850632.534143 159373.147775
866865.973739 851984.466160 159934.629923
868299.192819 853337.065374 160497.168541
868299.192819 853337.065374 160497.168541
869733.367589 854690.330505 161060.763810
871168.497259 856044.260273 161625.415912
872604.581039 857398.853401 162191.125026
874041.618140 858754.108608 162757.891329
875479.607774 860110.024618 163325.714996
876918.549149 861466.600153 163894.596199
878358.441478 862823.833936 164464.535108
879799.283972 864181.724691 165035.531891
881241.075840 865540.271143 165607.586716
882683.816295 866899.472016 166180.699746
884127.504547 868259.326035 166754.871143
885572.139809 869619.831928 167330.101067
887017.721290 870980.988420 167906.389675
888464.248204 872342.794239 168483.737123
889911.719761 873705.248113 169062.143565
891360.135172 875068.348770 169641.609152
892809.493651 876432.094939 170222.134034
894259.794409 877796.485350 170803.718357
895711.036658 879161.518733 171386.362267
897163.219611 880527.193819 171970.065906
898616.342478 881893.509339 172554.829416
900070.404474 883260.464026 173140.652935
901525.404810 884628.056612 173727.536601
902981.342700 885996.285831 174315.480547
904438.217355 887365.150416 174904.484906
905896.027990 888734.649103 175494.549809
907354.773817 890104.780626 176085.675383
908814.454049 891475.543721 176677.861756
910275.067900 892846.937126 177271.109052
911736.614583 894218.959577 177865.417392
913199.093312 895591.609812 178460.786897
914662.503300 896964.886570 179057.217684
916126.843763 898338.788589 179654.709870
917592.113913 899713.314611 180253.263568
919058.312965 901088.463375 180852.878890
920525.440133 902464.233622 181453.555946
921993.494633 903840.624095 182055.294843
923462.475678 905217.633537 182658.095687
924932.382484 906595.260689 183261.958582
926403.214266 907973.504298 183866.883629
926403.214266 907973.504298 183866.883629
927874.963970 909352.356763 184472.870665
929347.624535 910731.810478 185079.919528
930821.195165 912111.864173 185688.030314
932295.675063 913492.516582 186297.203117
933771.063433 914873.766437 186907.438030
935247.359480 916255.612471 187518.735142
936724.562407 917638.053419 188131.094542
938202.671419 919021.088016 188744.516317
939681.685722 920404.714998 189359.000550
941161.604519 921788.933102 189974.547324
942642.427015 923173.741064 190591.156718
944124.152416 924559.137622 191208.828811
945606.779928 925945.121516 191827.563678
947090.308756 927331.691484 192447.361394
948574.738105 928718.846268 193068.222029
950060.067182 930106.584607 193690.145655
951546.295192 931494.905244 194313.132339
953033.421344 932883.806921 194937.182146
954521.444841 934273.288381 195562.295141
956010.364893 935663.348368 196188.471385
957500.180706 937053.985627 196815.710938
958990.891486 938445.198904 197444.013857
960482.496442 939836.986944 198073.380199
961974.994781 941229.348496 198703.810016
963468.385712 942622.282306 199335.303361
964962.668441 944015.787124 199967.860283
966457.842178 945409.861699 200601.480830
967953.906132 946804.504781 201236.165047
969450.859510 948199.715121 201871.912978
970948.701523 949595.491471 202508.724665
972447.431378 950991.832585 203146.600147
973947.048287 952388.737214 203785.539462
975447.551458 953786.204115 204425.542646
976948.940102 955184.232041 205066.609731
978451.213428 956582.819748 205708.740751
979954.370648 957981.965995 206351.935733
981458.410972 959381.669537 206996.194707
982963.333611 960781.929134 207641.517698
984469.137776 962182.743546 208287.904730
985975.822679 963584.111531 208935.355824
985975.822679 963584.111531 208935.355824
987483.385986 964986.030300 209583.870858
988991.825360 966388.497062 210233.449707
990501.140012 967791.510575 210884.092388
992011.329150 969195.069601 211535.798914
993522.391985 970599.172901 212188.569298
995034.327728 972003.819235 212842.403548
996547.135588 973409.007368 213497.301675
998060.814776 974814.736063 214153.263683
999575.364504 976221.004084 214810.289576
1001090.783983 977627.810198 215468.379357
1002607.072424 979035.153169 216127.533026
1004124.229039 980443.031767 216787.750582
1005642.253040 981851.444758 217449.032020
1007161.143641 983260.390912 218111.377336
1008680.900053 984669.868999 218774.786521
1010201.521490 986079.877790 219439.259566
1011723.007165 987490.416056 220104.796459
1013245.356291 988901.482570 220771.397188
1014768.568083 990313.076106 221439.061737
1016292.641755 991725.195438 222107.790089
1017817.576521 993137.839342 222777.582224
1019343.371596 994551.006594 223448.438122
1020870.026195 995964.695971 224120.357760
1022397.539533 997378.906251 224793.341113
1023925.910828 998793.636215 225467.388154
1025455.139293 1000208.884641 226142.498855
1026985.224147 1001624.650311 226818.673184
1028516.164604 1003040.932007 227495.911110
1030047.959884 1004457.728511 228174.212597
1031580.609202 1005875.038609 228853.577610
1033114.111776 1007292.861084 229534.006111
1034648.466825 1008711.194722 230215.498059
1036183.673567 1010130.038311 230898.053412
1037719.731220 1011549.390637 231581.672128
1039256.639004 1012969.250490 232266.354158
1040794.396137 1014389.616660 232952.099458
1042333.001839 1015810.487937 233638.907975
1043872.455330 1017231.863112 234326.779661
1045412.755831 1018653.740979 235015.714460
1046953.902562 1020076.120332 235705.712318
1046953.902562 1020076.120332 235705.712318
1048495.891560 1021498.996800 236396.772725
1050038.718856 1022922.366010 237088.895169
1051582.383667 1024346.226755 237782.079587
1053126.885210 1025770.577823 238476.325919
1054672.222701 1027195.418009 239171.634097
1056218.395356 1028620.746106 239868.004057
1057765.402395 1030046.560907 240565.435730
1059313.243034 1031472.861208 241263.929045
1060861.916492 1032899.645806 241963.483931
1062411.421987 1034326.913499 242664.100313
1063961.758738 1035754.663083 243365.778115
1065512.925964 1037182.893360 244068.517260
1067064.922886 1038611.603130 244772.317668
1068617.748722 1040040.791194 245477.179258
1070171.402694 1041470.456355 246183.101947
1071725.884022 1042900.597416 246890.085650
1073281.191928 1044331.213183 247598.130280
1074837.325632 1045762.302461 248307.235748
1076394.284358 1047193.864056 249017.401963
1077952.067326 1048625.896778 249728.628835
1079510.673760 1050058.399434 250440.916267
1081070.102883 1051491.370835 251154.264165
1082630.353919 1052924.809791 251868.672431
1084191.426090 1054358.715116 252584.140965
1085753.318622 1055793.085621 253300.669666
1087316.030739 1057227.920122 254018.258431
1088879.561666 1058663.217434 254736.907155
1090443.910629 1060098.976373 255456.615731
1092009.076854 1061535.195758 256177.384050
1093575.059566 1062971.874405 256899.212003
1095141.857992 1064409.011136 257622.099476
1096709.471360 1065846.604771 258346.046358
1098277.898897 1067284.654132 259071.052531
1099847.139831 1068723.158043 259797.117878
1101417.193390 1070162.115326 260524.242280
1102988.058803 1071601.524808 261252.425617
1104559.735299 1073041.385315 261981.667765
1106132.222108 1074481.695675 262711.968600
1107705.518460 1075922.454716 263443.327996
1109279.623585 1077363.661267 264175.745825
1109279.623585 1077363.661267 264175.745825
1110854.544821 1078805.322124 264909.223519
1112430.289514 1080247.444092 265643.762511
1114006.856911 1081690.026019 266379.362669
1115584.246259 1083133.066755 267116.023860
1117162.456804 1084576.565151 267853.745948
1118741.487794 1086020.520057 268592.528797
1120321.338477 1087464.930328 269332.372269
1121902.008101 1088909.794818 270073.276224
1123483.495915 1090355.112381 270815.240519
1125065.801168 1091800.881874 271558.265011
1126648.923110 1093247.102156 272302.349555
1128232.860991 1094693.772084 273047.494004
1129817.614062 1096140.890518 273793.698210
1131403.181574 1097588.456321 274540.962021
1132989.562779 1099036.468354 275289.285286
1134576.756928 1100484.925481 276038.667851
1136164.763273 1101933.826567 276789.109561
1137753.581069 1103383.170477 277540.610259
1139343.209568 1104832.956080 278293.169786
1140933.648025 1106283.182242 279046.787981
1142524.895693 1107733.847835 279801.464683
1144116.951827 1109184.951728 280557.199728
1145709.815684 1110636.492794 281313.992949
1147303.486518 1112088.469905 282071.844182
1148897.963586 1113540.881937 282830.753256
1150493.246145 1114993.727765 283590.720001
1152089.333453 1116447.006266 284351.744245
1153686.224766 1117900.716318 285113.825814
1155283.919344 1119354.856801 285876.964534
1156882.416444 1120809.426594 286641.160227
1158481.715327 1122264.424580 287406.412715
1160081.815253 1123719.849642 288172.721818
1161682.715480 1125175.700665 288940.087353
1163284.415271 1126631.976533 289708.509137
1164886.913886 1128088.676134 290477.986985
1166490.210588 1129545.798355 291248.520711
1168094.304638 1131003.342087 292020.110126
1169699.195300 1132461.306219 292792.755040
1171304.881837 1133919.689643 293566.455261
1172911.363512 1135378.491253 294341.210597
1172911.363512 1135378.491253 294341.210597
1174518.622718 1136837.693576 295117.016751
1176126.641825 1138297.279120 295893.869419
1177735.420072 1139757.246753 296671.768399
1179344.956695 1141217.595346 297450.713486
1180955.250931 1142678.323768 298230.704474
1182566.302019 1144139.430892 299011.741155
1184178.109198 1145600.915591 299793.823320
1185790.671706 1147062.776739 300576.950758
1187403.988785 1148525.013211 301361.123255
1189018.059673 1149987.623886 302146.340599
1190632.883611 1151450.607640 302932.602571
1192248.459842 1152913.963355 303719.908957
1193864.787606 1154377.689909 304508.259535
1195481.866147 1155841.786187 305297.654086
1197099.694706 1157306.251070 306088.092387
1198718.272529 1158771.083443 306879.574214
1200337.598858 1160236.282194 307672.099343
1201957.672939 1161701.846208 308465.667545
1203578.494016 1163167.774374 309260.278593
1205200.061335 1164634.065582 310055.932257
1206822.374142 1166100.718723 310852.628303
1208445.431685 1167567.732690 311650.366501
1210069.233210 1169035.106377 312449.146613
1211693.777965 1170502.838678 313248.968405
1213319.065199 1171970.928489 314049.831638
1214945.094161 1173439.374710 314851.736073
1216571.864101 1174908.176237 315654.681468
1218199.374268 1176377.331973 316458.667581
1219827.623913 1177846.840818 317263.694169
1221456.612288 1179316.701675 318069.760984
1223086.338644 1180786.913449 318876.867781
1224716.802234 1182257.475045 319685.014310
1226348.002311 1183728.385370 320494.200322
1227979.938128 1185199.643333 321304.425564
1229612.608940 1186671.247844 322115.689783
1231246.014001 1188143.197812 322927.992725
1232880.152566 1189615.492151 323741.334132
1234515.023892 1191088.129774 324555.713749
1236150.627235 1192561.109596 325371.131314
1237786.961852 1194034.430534 326187.586567
1237786.961852 1194034.430534 326187.586567
1239424.027001 1195508.091505 327005.079246
1241061.821940 1196982.091429 327823.609088
1242700.345928 1198456.429225 328643.175826
1244339.598224 1199931.103816 329463.779195
1245979.578088 1201406.114125 330285.418926
1247620.284781 1202881.459077 331108.094748
1249261.717565 1204357.137596 331931.806392
1250903.875701 1205833.148611 332756.553584
1252546.758451 1207309.491051 333582.336050
1254190.365079 1208786.163844 334409.153516
1255834.694848 1210263.165924 335237.005702
1257479.747023 1211740.496222 336065.892332
1259125.520869 1213218.153673 336895.813125
1260772.015650 1214696.137212 337726.767800
1262419.230634 1216174.445777 338558.756073
1264067.165087 1217653.078305 339391.777662
1265715.818276 1219132.033737 340225.832279
1267365.189469 1220611.311014 341060.919638
1269015.277936 1222090.909077 341897.039450
1270666.082944 1223570.826872 342734.191426
1272317.603765 1225051.063344 343572.375273
1273969.839669 1226531.617439 344411.590699
1275622.789926 1228012.488106 345251.837410
1277276.453809 1229493.674294 346093.115109
1278930.830590 1230975.174955 346935.423501
1280585.919543 1232456.989040 347778.762286
1282241.719940 1233939.115504 348623.131165
1283898.231056 1235421.553302 349468.529836
1285555.452166 1236904.301390 350314.957996
1287213.382546 1238387.358728 351162.415342
1288872.021473 1239870.724274 352010.901569
1290531.368222 1241354.396990 352860.416368
1292191.422072 1242838.375837 353710.959433
1293852.182301 1244322.659781 354562.530453
1295513.648188 1245807.247785 355415.129117
1297175.819012 1247292.138818 356268.755114
1298838.694053 1248777.331847 357123.408130
1300502.272593 1250262.825842 357979.087849
1302166.553913 1251748.619774 358835.793955
1303831.537296 1253234.712616 359693.526131
1303831.537296 1253234.712616 359693.526131
1305497.217839 1254721.099403 360552.282616
1307163.590640 1256207.775167 361412.061648
1308830.654976 1257694.738881 362272.862903
1310498.410125 1259181.989516 363134.686056
1312166.855365 1260669.526047 363997.530781
1313835.989977 1262157.347449 364861.396751
1315505.813240 1263645.452699 365726.283636
1317176.324436 1265133.840776 366592.191107
1318847.522847 1266622.510658 367459.118831
1320519.407753 1268111.461329 368327.066476
1322191.978440 1269600.691771 369196.033708
1323865.234189 1271090.200967 370066.020190
1325539.174285 1272579.987904 370937.025587
1327213.798015 1274070.051569 371809.049560
1328889.104662 1275560.390951 372682.091770
1330565.093514 1277051.005040 373556.151875
1332241.763857 1278541.892827 374431.229535
1333919.114980 1280033.053306 375307.324405
1335597.146171 1281524.485472 376184.436141
1337275.856719 1283016.188321 377062.564397
1338955.245914 1284508.160850 377941.708826
1340635.313047 1286000.402059 378821.869080
1342316.057409 1287492.910948 379703.044808
1343997.478291 1288985.686519 380585.235661
1345679.574988 1290478.727776 381468.441284
1347362.346791 1291972.033725 382352.661326
1349045.792996 1293465.603371 383237.895432
1350729.912896 1294959.435724 384124.143244
1352414.705789 1296453.529792 385011.404407
1354100.170969 1297947.884587 385899.678561
1355786.307734 1299442.499122 386788.965347
1357473.115382 1300937.372411 387679.264403
1359160.593211 1302432.503470 388570.575369
1360848.740520 1303927.891315 389462.897880
1362537.556609 1305423.534966 390356.231571
1364227.040779 1306919.433443 391250.576077
1365917.192331 1308415.585768 392145.931031
1367608.010567 1309911.990964 393042.296064
1369299.494790 1311408.648057 393939.670807
1370991.644304 1312905.556072 394838.054888
1370991.644304 1312905.556072 394838.054888
1372684.458413 1314402.714037 395737.447938
1374377.936421 1315900.120982 396637.849581
1376072.077635 1317397.775939 397539.259444
1377766.881362 1318895.677939 398441.677151
1379462.346907 1320393.826017 399345.102326
1381158.473580 1321892.219208 400249.534591
1382855.260689 1323390.856549 401154.973567
1384552.707544 1324889.737080 402061.418873
1386250.813454 1326388.859841 402968.870128
1387949.577731 1327888.223873 403877.326950
1389648.999687 1329387.828220 404786.788955
1391349.078634 1330887.671927 405697.255758
1393049.813885 1332387.754040 406608.726973
1394751.204755 1333888.073607 407521.202213
1396453.250557 1335388.629679 408434.681090
1398155.950608 1336889.421305 409349.163214
1399859.304225 1338390.447540 410264.648195
1401563.310723 1339891.707437 411181.135641
1403267.969421 1341393.200052 412098.625159
1404973.279637 1342894.924442 413017.116355
1406679.240692 1344396.879668 413936.608834
1408385.851904 1345899.064788 414857.102200
1410093.112595 1347401.478866 415778.596056
1411801.022087 1348904.120965 416701.090003
1413509.579702 1350406.990151 417624.583641
1415218.784763 1351910.085490 418549.076571
1416928.636595 1353413.406050 419474.568390
1418639.134522 1354916.950903 420401.058696
1420350.277869 1356420.719119 421328.547084
1422062.065964 1357924.709772 422257.033150
1423774.498134 1359428.921937 423186.516487
1425487.573705 1360933.354690 424116.996689
1427201.292008 1362438.007109 425048.473348
1428915.652371 1363942.878273 425980.946053
1430630.654126 1365447.967264 426914.414395
1432346.296602 1366953.273165 427848.877963
1434062.579133 1368458.795060 428784.336343
1435779.501051 1369964.532035 429720.789122
1437497.061689 1371470.483177 430658.235887
1439215.260381 1372976.647576 431596.676220
1439215.260381 1372976.647576 431596.676220
1440934.123901 1374483.049231 432536.121959
1442653.679052 1375989.712165 433476.584948
1444373.925215 1377496.635506 434418.064785
1446094.861775 1379003.818384 435360.561066
1447816.488114 1380511.259933 436304.073386
1449538.803617 1382018.959283 437248.601340
1451261.807671 1383526.915572 438194.144519
1452985.499661 1385035.127936 439140.702518
1454709.878974 1386543.595512 440088.274927
1456434.944999 1388052.317442 441036.861336
1458160.697124 1389561.292866 441986.461336
1459887.134739 1391070.520929 442937.074514
1461614.257235 1392580.000774 443888.700458
1463342.064002 1394089.731550 444841.338756
1465070.554434 1395599.712403 445794.988992
1466799.727923 1397109.942484 446749.650751
1468529.583863 1398620.420945 447705.323618
1470260.121649 1400131.146939 448662.007176
1471991.340677 1401642.119621 449619.701006
1473723.240342 1403153.338147 450578.404690
1475455.820043 1404664.801675 451538.117808
1477189.079177 1406176.509366 452498.839940
1478923.017144 1407688.460381 453460.570664
1480657.633343 1409200.653884 454423.309558
1482392.927175 1410713.089039 455387.056198
1484128.898042 1412225.765013 456351.810160
1485865.545346 1413738.680974 457317.571021
1487602.868490 1415251.836092 458284.338352
1489340.866880 1416765.229539 459252.111729
1491079.539919 1418278.860488 460220.890723
1492818.887014 1419792.728114 461190.674907
1494558.907571 1421306.831593 462161.463850
1496299.600999 1422821.170105 463133.257122
1498040.966706 1424335.742828 464106.054294
1499783.004101 1425850.548945 465079.854932
1501525.712595 1427365.587639 466054.658605
1503269.091598 1428880.858095 467030.464878
1505013.140524 1430396.359500 468007.273318
1506757.858784 1431912.091042 468985.083490
1508503.245793 1433428.051911 469963.894958
1508503.245793 1433428.051911 469963.894958
1510249.313875 1434944.252775 470943.713715
1511996.075370 1436460.704316 471924.545761
1513743.529717 1437977.405743 472906.390666
1515491.676357 1439494.356271 473889.248000
1517240.514730 1441011.555114 474873.117331
1518990.044278 1442529.001489 475857.998228
1520740.264444 1444046.694614 476843.890259
1522491.174673 1445564.633708 477830.792990
1524242.774409 1447082.817994 478818.705987
1525995.063097 1448601.246695 479807.628815
1527748.040183 1450119.919035 480797.561039
1529501.705117 1451638.834242 481788.502222
1531256.057344 1453157.991545 482780.451928
1533011.096316 1454677.390172 483773.409718
1534766.821482 1456197.029356 484767.375155
1536523.232292 1457716.908332 485762.347798
1538280.328200 1459237.026333 486758.327209
1540038.108658 1460757.382597 487755.312947
1541796.573119 1462277.976363 488753.304569
1543555.721039 1463798.806871 489752.301636
1545315.551873 1465319.873363 490752.303703
1547076.065078 1466841.175083 491753.310327
1548837.260111 1468362.711278 492755.321065
1550599.136431 1469884.481193 493758.335471
1552361.693496 1471406.484079 494762.353101
1554124.930768 1472928.719186 495767.373507
1555888.847708 1474451.185766 496773.396244
1557653.443777 1475973.883073 497780.420865
1559418.718439 1477496.810364 498788.446920
1561184.671157 1479019.966897 499797.473961
1562951.301398 1480543.351929 500807.501540
1564718.608626 1482066.964724 501818.529205
1566486.592308 1483590.804543 502830.556507
1568255.251913 1485114.870651 503843.582994
1570024.586909 1486639.162314 504857.608214
1571794.596765 1488163.678801 505872.631715
1573565.280953 1489688.419380 506888.653043
1575336.638943 1491213.383325 507905.671745
1577108.670209 1492738.569906 508923.687367
1578881.374224 1494263.978401 509942.699453
1578881.374224 1494263.978401 509942.699453
1580654.722559 1495789.583843 510962.692194
1582428.686753 1497315.361249 511983.649765
1584203.266237 1498841.309869 513005.571691
1585978.460439 1500367.428953 514028.457495
1587754.268792 1501893.717755 515052.306699
1589530.690727 1503420.175528 516077.118826
1591307.725676 1504946.801530 517102.893397
1593085.373074 1506473.595019 518129.629932
1594863.632355 1508000.555253 519157.327952
1596642.502956 1509527.681495 520185.986977
1598421.984312 1511054.973007 521215.606524
1600202.075862 1512582.429055 522246.186112
1601982.777044 1514110.048904 523277.725259
1603764.087297 1515637.831824 524310.223482
1605546.006063 1517165.777085 525343.680297
1607328.532783 1518693.883957 526378.095220
1609111.666898 1520222.151715 527413.467767
1610895.407853 1521750.579634 528449.797451
1612679.755093 1523279.166991 529487.083788
1614464.708061 1524807.913063 530525.326290
1616250.266206 1526336.817133 531564.524470
1618036.428974 1527865.878481 532604.677841
1619823.195813 1529395.096392 533645.785915
1621610.566173 1530924.470151 534687.848203
1623398.539504 1532453.999046 535730.864214
1625187.115257 1533983.682365 536774.833461
1626976.292885 1535513.519399 537819.755452
1628766.071841 1537043.509441 538865.629696
1630556.451579 1538573.651784 539912.455701
1632347.431554 1540103.945725 540960.232976
1634139.011222 1541634.390561 542008.961028
1635931.190040 1543164.985593 543058.639364
1637723.967468 1544695.730119 544109.267491
1639517.342963 1546226.623445 545160.844914
1641311.315986 1547757.664874 546213.371138
1643105.885999 1549288.853712 547266.845668
1644901.052462 1550820.189267 548321.268010
1646696.814840 1552351.670850 549376.637666
1648493.172596 1553883.297771 550432.954140
1650290.125196 1555415.069345 551490.216935
1650290.125196 1555415.069345 551490.216935
1652087.672106 1556946.984885 552548.425552
1653885.812792 1558479.043709 553607.579495
1655684.546723 1560011.245135 554667.678265
1657483.873369 1561543.588483 555728.721362
1659283.792199 1563076.073075 556790.708287
1661084.302684 1564608.698234 557853.638540
1662885.404296 1566141.463287 558917.511620
1664687.096510 1567674.367559 559982.327027
1666489.378798 1569207.410381 561048.084259
1668292.250636 1570740.591082 562114.782815
1670095.711500 1572273.908995 563182.422192
1671899.760868 1573807.363453 564251.001887
1673704.398217 1575340.953793 565320.521398
1675509.623027 1576874.679352 566390.980220
1677315.434779 1578408.539469 567462.377851
1679121.832952 1579942.533486 568534.713785
1680928.817031 1581476.660745 569607.987518
1682736.386497 1583010.920590 570682.198545
1684544.540836 1584545.312367 571757.346359
1686353.279532 1586079.835425 572833.430455
1688162.602073 1587614.489113 573910.450327
1689972.507945 1589149.272783 574988.405467
1691782.996637 1590684.185788 576067.295369
1693594.067638 1592219.227482 577147.119525
1695405.720439 1593754.397222 578227.877427
1697217.954532 1595289.694367 579309.568566
1699030.769409 1596825.118276 580392.192434
1700844.164563 1598360.668312 581475.748522
1702658.139489 1599896.343838 582560.236321
1704472.693683 1601432.144219 583645.655320
1706287.826642 1602968.068823 584732.005009
1708103.537863 1604504.117017 585819.284878
1709919.826845 1606040.288174 586907.494416
1711736.693088 1607576.581664 587996.633112
1713554.136093 1609112.996861 589086.700455
1715372.155361 1610649.533143 590177.695932
1717190.750396 1612186.189885 591269.619031
1719009.920702 1613722.966468 592362.469239
1720829.665782 1615259.862272 593456.246045
1722649.985145 1616796.876680 594550.948934
1722649.985145 1616796.876680 594550.948934
1724470.878297 1618334.009076 595646.577394
1726292.344745 1619871.258846 596743.130910
1728114.383999 1621408.625379 597840.608969
1729936.995570 1622946.108064 598939.011056
1731760.178969 1624483.706291 600038.336656
1733583.933708 1626021.419456 601138.585254
1735408.259300 1627559.246951 602239.756336
1737233.155261 1629097.188174 603341.849386
1739058.621105 1630635.242524 604444.863887
1740884.656349 1632173.409399 605548.799325
1742711.260512 1633711.688202 606653.655182
1744538.433111 1635250.078337 607759.430941
1746366.173666 1636788.579209 608866.126087
1748194.481698 1638327.190224 609973.740102
1750023.356730 1639865.910791 611082.272469
1751852.798284 1641404.740321 612191.722669
1753682.805884 1642943.678227 613302.090186
1755513.379055 1644482.723921 614413.374501
1757344.517323 1646021.876820 615525.575096
1759176.220217 1647561.136341 616638.691451
1761008.487263 1649100.501903 617752.723050
1762841.317991 1650639.972927 618867.669372
1764674.711933 1652179.548835 619983.529898
1766508.668618 1653719.229053 621100.304109
1768343.187581 1655259.013005 622217.991485
1770178.268354 1656798.900121 623336.591507
1772013.910472 1658338.889828 624456.103654
1773850.113472 1659878.981559 625576.527407
1775686.876889 1661419.174747 626697.862244
1777524.200263 1662959.468826 627820.107645
1779362.083132 1664499.863232 628943.263090
1781200.525035 1666040.357404 630067.328058
1783039.525516 1667580.950783 631192.302027
1784879.084115 1669121.642808 632318.184476
1786719.200376 1670662.432924 633444.974884
1788559.873843 1672203.320576 634572.672729
1790401.104063 1673744.305211 635701.277489
1792242.890581 1675285.386277 636830.788643
1794085.232946 1676826.563225 637961.205668
1795928.130706 1678367.835506 639092.528043
1795928.130706 1678367.835506 639092.528043
1797771.583411 1679909.202574 640224.755244
1799615.590612 1681450.663884 641357.886750
1801460.151861 1682992.218895 642491.922037
1803305.266712 1684533.867064 643626.860584
1805150.934718 1686075.607853 644762.701867
1806997.155436 1687617.440723 645899.445363
1808843.928421 1689159.365139 647037.090549
1810691.253230 1690701.380567 648175.636903
1812539.129424 1692243.486474 649315.083900
1814387.556560 1693785.682329 650455.431018
1816236.534201 1695327.967603 651596.677732
1818086.061908 1696870.341769 652738.823520
1819936.139244 1698412.804301 653881.867858
1821786.765774 1699955.354676 655025.810222
1823637.941061 1701497.992371 656170.650087
1825489.664674 1703040.716866 657316.386932
1827341.936179 1704583.527642 658463.020230
1829194.755145 1706126.424181 659610.549459
1831048.121141 1707669.405970 660758.974095
1832902.033738 1709212.472494 661908.293612
1834756.492508 1710755.623240 663058.507488
1836611.497025 1712298.857700 664209.615197
1838467.046861 1713842.175365 665361.616216
1840323.141593 1715385.575727 666514.510020
1842179.780796 1716929.058283 667668.296085
1844036.964048 1718472.622527 668822.973887
1845894.690927 1720016.267960 669978.542900
1847752.961014 1721559.994081 671135.002602
1849611.773888 1723103.800391 672292.352466
1851471.129133 1724647.686395 673450.591970
1853331.026329 1726191.651597 674609.720587
1855191.465063 1727735.695505 675769.737795
1857052.444918 1729279.817627 676930.643068
1858913.965481 1730824.017473 678092.435882
1860776.026340 1732368.294556 679255.115713
1862638.627084 1733912.648388 680418.682035
1864501.767301 1735457.078487 681583.134326
1866365.446582 1737001.584368 682748.472059
1868229.664521 1738546.165551 683914.694712
1870094.420708 1740090.821556 685081.801759
1870094.420708 1740090.821556 685081.801759
1871959.727181 1741635.561516 686249.802224
1873825.595990 1743180.394570 687418.705137
1875692.026750 1744725.320253 688588.509984
1877559.019081 1746270.338101 689759.216249
1879426.572599 1747815.447650 690930.823417
1881294.686925 1749360.648439 692103.330974
1883163.361681 1750905.940011 693276.738404
1885032.596487 1752451.321906 694451.045193
1886902.390968 1753996.793669 695626.250826
1888772.744748 1755542.354847 696802.354790
1890643.657451 1757088.004986 697979.356568
1892515.128706 1758633.743636 699157.255648
1894387.158139 1760179.570348 700336.051515
1896259.745380 1761725.484675 701515.743655
1898132.890058 1763271.486170 702696.331553
1900006.591804 1764817.574391 703877.814697
1901880.850252 1766363.748894 705060.192572
1903755.665034 1767910.009239 706243.464666
1905631.035785 1769456.354987 707427.630463
1907506.962140 1771002.785701 708612.689452
1909383.443737 1772549.300946 709798.641119
1911260.480214 1774095.900287 710985.484951
1913138.071209 1775642.583293 712173.220435
1915016.216363 1777189.349533 713361.847059
1916894.915317 1778736.198577 714551.364310
1918774.167714 1780283.130000 715741.771676
1920653.973197 1781830.143376 716933.068643
1922534.331412 1783377.238280 718125.254702
1924415.242004 1784924.414291 719318.329339
1926296.704620 1786471.670989 720512.292043
1928178.718909 1788019.007954 721707.142303
1930061.284520 1789566.424769 722902.879606
1931944.401104 1791113.921020 724099.503443
1933828.068312 1792661.496292 725297.013302
1935712.285798 1794209.150173 726495.408673
1937597.053215 1795756.882254 727694.689045
1939482.370218 1797304.692124 728894.853908
1941368.236464 1798852.579378 730095.902751
1943254.651609 1800400.543610 731297.835066
1945141.615314 1801948.584415 732500.650342
1945141.615314 1801948.584415 732500.650342
1947029.107499 1803496.686708 733704.331786
1948917.108065 1805044.835395 734908.862597
1950805.616644 1806593.030066 736114.242252
1952694.632866 1808141.270313 737320.470226
1954584.156365 1809689.555729 738527.545999
1956474.186776 1811237.885910 739735.469046
1958364.723732 1812786.260451 740944.238847
1960255.766872 1814334.678951 742153.854878
1962147.315832 1815883.141010 743364.316618
1964039.370250 1817431.646229 744575.623546
1965931.929768 1818980.194211 745787.775139
1967824.994025 1820528.784562 747000.770878
1969718.562664 1822077.416886 748214.610240
1971612.635329 1823626.090793 749429.292705
1973507.211663 1825174.805893 750644.817753
1975402.291312 1826723.561795 751861.184864
1977297.873924 1828272.358114 753078.393517
1979193.959146 1829821.194463 754296.443192
1981090.546627 1831370.070459 755515.333371
1982987.636017 1832918.985720 756735.063535
1984885.226968 1834467.939865 757955.633163
1986783.319132 1836016.932514 759177.041738
1988681.912164 1837565.963291 760399.288742
1990581.005717 1839115.031820 761622.373656
1992480.599448 1840664.137727 762846.295962
1994380.693014 1842213.280638 764071.055143
1996281.286073 1843762.460184 765296.650681
1998182.378286 1845311.675994 766523.082060
2000083.969312 1846860.927701 767750.348764
2001986.058813 1848410.214940 768978.450275
2003888.646453 1849959.537345 770207.386078
2005791.731895 1851508.894553 771437.155657
2007695.314804 1853058.286203 772667.758497
2009599.394848 1854607.711936 773899.194082
2011503.971694 1856157.171394 775131.461898
2013409.045010 1857706.664219 776364.561430
2015314.614467 1859256.190058 777598.492165
2017220.679736 1860805.748556 778833.253588
2019127.240488 1862355.339362 780068.845186
2021034.296398 1863904.962126 781305.266447
2021034.296398 1863904.962126 781305.266447
2022941.820292 1865454.597344 782542.493117
2024849.784973 1867004.225507 783780.500933
2026758.190076 1868553.846258 785019.289366
2028667.035240 1870103.459240 786258.857888
2030576.320103 1871653.064101 787499.205969
2032486.044304 1873202.660488 788740.333082
2034396.207484 1874752.248050 789982.238699
2036306.809287 1876301.826437 791224.922291
2038217.849354 1877851.395303 792468.383333
2040129.327330 1879400.954301 793712.621297
2042041.242862 1880950.503086 794957.635656
2043953.595594 1882500.041316 796203.425884
2045866.385176 1884049.568648 797449.991455
2047779.611257 1885599.084743 798697.331843
2049693.273486 1887148.589263 799945.446524
2051607.371514 1888698.081870 801194.334972
2053521.904995 1890247.562230 802443.996663
2055436.873582 1891797.030007 803694.431072
2057352.276929 1893346.484871 804945.637675
2059268.114693 1894895.926491 806197.615949
2061184.386531 1896445.354536 807450.365371
2063101.092100 1897994.768680 808703.885417
2065018.231061 1899544.168596 809958.175566
2066935.803074 1901093.553960 811213.235295
2068853.807800 1902642.924449 812469.064083
2070772.244902 1904192.279740 813725.661407
2072691.114044 1905741.619515 814983.026748
2074610.414892 1907290.943454 816241.159584
2076530.147112 1908840.251240 817500.059395
2078450.310371 1910389.542558 818759.725662
2080370.904338 1911938.817095 820020.157865
2082291.928683 1913488.074536 821281.355485
2084213.383076 1915037.314572 822543.318003
2086135.267190 1916586.536893 823806.044901
2088057.580698 1918135.741191 825069.535662
2089980.323275 1919684.927160 826333.789768
2091903.494595 1921234.094494 827598.806701
2093827.094336 1922783.242890 828864.585946
2095751.122175 1924332.372047 830131.126985
2097675.577792 1925881.481664 831398.429305
2097675.577792 1925881.481664 831398.429305
2099351.925650 1927230.579468 832502.733505
2101028.573817 1928579.645902 833607.591981
2102705.522067 1929928.680765 834713.004387
2104382.770176 1931277.683859 835818.970377
2106309.015314 1932826.617486 837089.561952
2108235.655167 1934375.508670 838360.882421
2110162.689399 1935924.357116 839632.931261
2112090.117676 1937473.162529 840905.707951
2114017.939663 1939021.924616 842179.211970
2115946.155027 1940570.643086 843453.442798
2117874.763437 1942119.317648 844728.399915
2119803.764562 1943667.948014 846004.082800
2121733.158073 1945216.533897 847280.490936
2123662.943641 1946765.075010 848557.623802
2125593.120939 1948313.571071 849835.480881
2127523.689642 1949862.021796 851114.061655
2129454.649424 1951410.426903 852393.365606
2131385.999962 1952958.786113 853673.392217
2133317.740933 1954507.099147 854954.140972
2135249.872017 1956055.365728 856235.611355
2137182.392892 1957603.585582 857517.802849
2139115.303239 1959151.758432 858800.714940
2141048.602741 1960699.884008 860084.347114
2142982.291081 1962247.962037 861368.698854
2144916.367943 1963795.992251 862653.769649
2146850.833012 1965343.974379 863939.558984
2148785.685976 1966891.908156 865226.066347
2150720.926522 1968439.793316 866513.291225
2152656.554339 1969987.629595 867801.233106
2154592.569117 1971535.416730 869089.891480
2156528.970547 1973083.154460 870379.265834
2158465.758322 1974630.842526 871669.355659
2160402.932135 1976178.480668 872960.160444
2162340.491680 1977726.068629 874251.679681
2164278.436655 1979273.606155 875543.912859
2166216.766754 1980821.092991 876836.859472
2168155.481678 1982368.528885 878130.519010
2170094.581124 1983915.913584 879424.890967
2172034.064794 1985463.246839 880719.974835
2173973.932388 1987010.528402 882015.770109
2174224.394187 1987210.276221 882183.107048
2174474.862380 1987410.023173 882350.455835
2174725.336964 1987609.769258 882517.816468
2174975.817941 1987809.514477 882685.188946
2174975.817941 1987809.514477 882685.188946
2176916.283215 1989356.727556 883982.078242
2178857.163814 1990903.909073 885279.710114
2180798.459468 1992451.058790 886578.084065
2182740.169907 1993998.176468 887877.199600
2184682.294863 1995545.261870 889177.056225
2186624.834069 1997092.314762 890477.653446
2188567.787259 1998639.334911 891778.990769
2190511.154169 2000186.322084 893081.067702
2192454.934533 2001733.276050 894383.883752
2194399.128091 2003280.196580 895687.438428
2196343.734580 2004827.083446 896991.731238
2198288.753740 2006373.936421 898296.761693
2200234.185313 2007920.755281 899602.529303
2202180.029040 2009467.539802 900909.033578
2204126.284664 2011014.289761 902216.274030
2206072.951931 2012561.004937 903524.250172
2208020.030585 2014107.685111 904832.961514
2209967.520374 2015654.330065 906142.407572
2211915.421045 2017200.939581 907452.587858
2213863.732347 2018747.513444 908763.501888
2215812.454030 2020294.051441 910075.149176
2217761.585846 2021840.553358 911387.529239
2219711.127548 2023387.018985 912700.641592
2221661.078888 2024933.448111 914014.485754
2223611.439622 2026479.840527 915329.061241
2225562.209505 2028026.196028 916644.367572
2227513.388295 2029572.514406 917960.404266
2229464.975750 2031118.795457 919277.170844
2231416.971629 2032665.038979 920594.666824
2233369.375693 2034211.244769 921912.891729
2235322.187703 2035757.412628 923231.845079
2237275.407423 2037303.542356 924551.526398
2239229.034616 2038849.633755 925871.935208
2241183.069047 2040395.686629 927193.071032
2243137.510483 2041941.700783 928514.933397
2245092.358692 2043487.676024 929837.521825
2247047.613441 2045033.612159 931160.835844
2249003.274501 2046579.508998 932484.874980
2250959.341642 2048125.366350 933809.638759
2252915.814637 2049671.184028 935135.126709
2252915.814637 2049671.184028 935135.126709
2254872.681041 2051216.954419 936461.325208
2256829.928402 2052762.669911 937788.220629
2258787.556476 2054308.330318 939115.812495
2260745.565021 2055853.935453 940444.100330
2262703.953797 2057399.485133 941773.083658
2264662.722563 2058944.979173 943102.762006
2266621.871081 2060490.417394 944433.134898
2268581.399115 2062035.799613 945764.201862
2270541.306427 2063581.125653 947095.962425
2272501.592783 2065126.395334 948428.416115
2274462.257949 2066671.608482 949761.562461
2276423.301692 2068216.764920 951095.400992
2278384.723780 2069761.864475 952429.931239
2280346.523983 2071306.906974 953765.152731
2282308.702072 2072851.892245 955101.065002
2284271.257818 2074396.820119 956437.667583
2286234.190994 2075941.690427 957774.960006
2288197.501374 2077486.503001 959112.941807
2290161.188734 2079031.257676 960451.612518
2292125.252849 2080575.954285 961790.971676
2294089.693497 2082120.592667 963131.018816
2296054.510457 2083665.172657 964471.753474
2298019.703509 2085209.694095 965813.175188
2299985.272432 2086754.156821 967155.283496
2301951.217010 2088298.560677 968498.077937
2303917.537025 2089842.905505 969841.558051
2305884.232262 2091387.191150 971185.723376
2307851.302505 2092931.417455 972530.573455
2309818.747542 2094475.584268 973876.107829
2311786.567160 2096019.691437 975222.326041
2313754.761147 2097563.738810 976569.227634
2315723.329294 2099107.726237 977916.812151
2317692.271391 2100651.653570 979265.079138
2319661.587231 2102195.520662 980614.028140
2321631.276607 2103739.327366 981963.658703
2323601.339314 2105283.073538 983313.970374
2325571.775146 2106826.759034 984664.962702
2327542.583900 2108370.383711 986016.635234
2329513.765375 2109913.947429 987368.987521
2331485.319369 2111457.450047 988722.019111
2331485.319369 2111457.450047 988722.019111
2333457.260368 2113000.899750 990075.746405
2335429.602873 2114544.304726 991430.185805
2337402.346709 2116087.664840 992785.336874
2339375.491702 2117630.979960 994141.199171
2341349.037680 2119174.249955 995497.772260
2343322.984471 2120717.474694 996855.055701
2345297.331904 2122260.654048 998213.049060
2347272.079810 2123803.787891 999571.751900
2349247.228021 2125346.876094 1000931.163786
2351222.776369 2126889.918534 1002291.284286
2353198.724689 2128432.915086 1003652.112965
2355175.072816 2129975.865626 1005013.649392
2357151.820586 2131518.770034 1006375.893135
2359128.967836 2133061.628189 1007738.843764
2361106.514405 2134604.439971 1009102.500850
2363084.460133 2136147.205263 1010466.863962
2365062.804860 2137689.923948 1011831.932675
2367041.548427 2139232.595910 1013197.706560
2369020.690679 2140775.221034 1014564.185191
2371000.231460 2142317.799208 1015931.368144
2372980.170613 2143860.330318 1017299.254994
2374960.507986 2145402.814255 1018667.845317
2376941.243427 2146945.250908 1020037.138691
2378922.376784 2148487.640168 1021407.134695
2380903.907906 2150029.981929 1022777.832906
2382885.836644 2151572.276084 1024149.232907
2384868.162851 2153114.522529 1025521.334276
2386850.886379 2154656.721158 1026894.136597
2388834.007082 2156198.871869 1028267.639452
2390817.524817 2157740.974561 1029641.842425
2392801.439439 2159283.029133 1031016.745100
2394785.750805 2160825.035487 1032392.347063
2396770.458775 2162366.993522 1033768.647901
2398755.563208 2163908.903144 1035145.647200
2400741.063965 2165450.764256 1036523.344548
2402726.960908 2166992.576762 1037901.739536
2404713.253900 2168534.340570 1039280.831754
2406699.942806 2170076.055588 1040660.620791
2408687.027489 2171617.721723 1042041.106241
2410674.507818 2173159.338885 1043422.287695
