10692.033691 7532.683965 7588.033786
10658.489852 7502.404718 7570.820921
10606.888287 7419.284347 7580.257213
10554.335530 7335.428352 7588.510416
10500.830949 7250.787042 7595.626328
10446.397730 7165.420936 7601.576825
10391.037336 7079.281585 7606.407267
10334.772256 6992.428217 7610.089884
10277.606044 6904.813609 7612.669592
10219.560508 6816.495689 7614.118943
10160.641289 6727.428442 7614.482399
10100.869537 6637.668486 7613.732803
10040.252980 6547.170995 7611.914153
9978.812143 6455.991275 7608.999549
9916.556845 6364.085658 7605.032516
9853.507022 6271.508138 7599.986380
9789.674595 6178.216181 7593.904178
9725.078957 6084.262465 7586.759430
9659.734148 5989.605557 7578.594677
9593.659069 5894.296826 7569.383592
9526.869904 5798.295902 7559.168209
9459.385121 5701.652853 7547.922320
9391.223081 5604.328329 7535.687441
9322.401889 5506.371107 7522.437440
9252.942121 5407.742810 7508.213300
9182.861599 5308.490935 7492.988927
9112.183160 5208.578029 7476.804754
9040.924430 5108.050322 7459.634675
8969.110563 5006.871223 7441.518559
8896.759087 4905.085713 7422.430235
8823.789331 4806.146622 7400.015373
8750.384007 4710.260007 7374.461752
8676.347548 4613.744892 7347.950771
8601.696665 4516.646787 7320.457876
8526.458714 4418.929449 7292.021490
8450.650510 4320.637168 7262.617002
8373.958927 4228.161090 7228.129739
8296.756234 4141.847510 7188.969409
8218.775534 4054.942904 7148.827010
8140.031993 3967.494168 7107.681023
8060.550666 3879.463844 7065.568366
7980.346873 3790.897610 7022.467580
7899.447890 3701.758964 6978.415099
7817.869336 3612.092380 6933.389482
7735.640510 3521.862090 6887.426373
7652.773837 3431.109664 6840.501062
7569.154128 3341.158396 6791.816847
7484.848246 3252.101160 6741.425144
7399.849018 3162.996598 6689.786249
7314.186819 3073.904135 6636.901733
7227.126139 2991.185113 6579.071861
7139.060073 2915.174471 6516.744546
7050.131046 2838.627516 6453.414969
6960.346091 2761.588461 6389.058639
6869.726170 2684.014970 6323.703421
6778.279082 2605.950835 6257.324626
6686.028593 2527.354091 6189.950228
6592.983494 2448.268093 6121.555289
6499.170722 2368.651235 6052.167887
6404.600342 2288.546414 5981.762773
6309.302891 2207.912363 5910.368117
6213.290063 2126.791504 5837.958283
6115.445061 2052.287220 5760.799536
6016.161234 1984.720302 5679.358003
5915.957976 1916.648164 5596.878128
5814.842417 1848.116453 5513.336947
5712.841099 1779.081475 5428.761286
5609.962758 1709.588427 5343.127953
5506.237881 1639.594069 5256.464008
5401.677307 1569.143117 5168.745960
5296.316211 1498.192779 5080.001105
5190.168189 1426.787261 4990.205567
5083.274036 1354.884200 4899.386862
4975.650976 1282.527260 4807.520631
4865.026177 1220.933509 4709.334280
4752.081768 1170.570049 4605.656878
4638.078463 1119.749426 4500.884528
4523.020004 1068.520160 4394.997522
4406.931003 1016.835628 4288.019924
4289.817362 964.743941 4179.931930
4171.708227 912.199043 4070.758084
4052.612538 859.248595 3960.478418
3932.565342 805.847165 3849.118042
3811.579900 752.041903 3736.656746
3689.699093 697.788064 3623.120297
3566.942431 643.132216 3508.488119
3443.363437 588.030362 3392.786736
3318.990812 532.528402 3275.995035
3193.892916 476.583133 3158.140373
3068.112281 420.239684 3039.200868
2938.811470 374.038344 2914.916572
2806.514961 338.360912 2786.048932
2673.207840 302.283493 2656.067670
2538.907178 265.854746 2524.955768
2403.667131 229.028686 2392.737419
2267.519311 191.853337 2259.395286
2130.541673 154.283895 2124.955376
1992.792380 116.367563 1989.399719
1854.392024 78.061018 1852.756753
1715.450872 39.410350 1715.007292
1571.258750 14.963890 1571.197537
1422.466340 5.180813 1422.468018
1272.573545 -4.934470 1272.576424
1121.606346 -15.329647 1121.515731
969.612459 -26.061205 969.278568
845.203617 -104.132858 838.783700
725.389303 -174.080034 704.215368
619.367116 -244.206543 569.221832
536.226037 -314.216779 434.560170
487.711429 -383.645984 301.191850
483.117860 -452.233556 170.083044
444.749612 -444.420522 18.313593
384.795133 -358.318318 -140.431478
351.167398 -194.514910 -292.460437
441.476226 -31.082936 -440.442586
590.050070 55.695842 -587.462660
724.360760 67.597395 -721.238145
830.000949 8.242608 -829.993647
910.024170 -116.882778 -902.518543
975.865143 -300.438461 -928.498719
1045.278745 -533.415243 -898.966781
1139.856854 -805.411378 -806.634360
1279.971270 -1104.955437 -646.128758
1483.432163 -1402.047289 -484.689725
1711.949359 -1667.298363 -388.560559
1922.758001 -1890.453308 -351.109472
2094.341358 -2062.481281 -364.046682
2215.543810 -2175.853554 -417.599215
2280.526978 -2224.870476 -500.847888
2286.546364 -2205.862859 -602.128168
2232.981079 -2117.279839 -709.526081
2120.896819 -1959.619170 -811.292165
1952.991268 -1735.275173 -896.156722
1734.057099 -1448.370515 -953.563088
1472.544429 -1104.661700 -973.766067
1185.250792 -711.479710 -948.015877
912.059211 -277.574828 -868.869534
753.926873 187.069869 -730.452848
854.369399 671.296090 -528.663635
1197.106549 1151.995610 -325.825259
1617.490088 1607.169087 -182.971935
2029.872323 2027.715452 -94.605482
2406.227843 2405.662988 -54.007662
2734.701711 2734.216902 -53.387290
3009.022696 3007.881852 -84.043105
3225.421897 3222.562943 -136.504886
3381.642207 3375.704759 -200.800421
3476.571635 3466.352604 -266.739063
3510.131442 3495.167742 -324.076020
3483.377642 3464.475071 -362.674133
3398.731484 3378.246587 -372.861887
3260.316014 3241.957303 -345.794264
3074.622589 3062.454706 -273.634556
2851.783493 2847.886959 -149.702320
2608.466127 2608.346882 28.756478
2378.173623 2369.399551 204.606762
2180.396058 2156.342513 323.302296
1992.371917 1942.836558 441.752037
1817.223004 1728.870594 559.930124
1661.093414 1523.600332 661.885193
1524.665452 1328.417446 748.420472
1407.738868 1153.135636 807.607796
1307.705365 1000.792700 841.862334
1218.654631 847.834702 875.512431
1143.351895 694.291940 908.537716
1076.135488 589.475266 900.453057
1014.315658 484.033618 891.503051
959.178467 378.017695 881.678399
912.220084 271.414830 871.040339
874.978432 164.257217 859.557841
822.901615 112.756929 815.282787
772.269947 60.775820 770.026298
723.737000 8.393349 723.849715
678.176809 -44.367929 676.896744
636.591071 -97.421365 629.278607
600.260851 -150.674404 581.244364
570.615403 -203.965963 533.136918
549.196830 -256.956952 485.619089
537.165261 -309.410580 439.371962
534.720974 -361.072513 394.702082
541.595551 -411.900101 351.995836
494.906070 -401.584700 289.653170
452.807453 -390.566944 229.628956
415.946112 -378.928487 172.226564
368.278908 -350.710561 113.442812
310.471684 -305.973889 54.869628
244.286109 -244.751349 -3.283316
176.901320 -167.291622 -59.551419
142.843113 -89.438414 -112.447475
166.589948 -70.247271 -151.845983
198.485555 -106.153978 -168.426849
245.519017 -192.152938 -153.613648
336.638055 -321.891078 -99.763598
451.608461 -449.745534 -43.832281
531.286866 -531.060937 -21.959317
561.489006 -561.127761 -25.450746
538.479345 -536.826429 -44.940378
461.915020 -456.738447 -70.695463
334.026879 -321.186706 -93.035934
216.324902 -185.826404 -111.839654
163.993943 -104.735308 -127.153569
