6
4
2
64
64
tanh
tanh
Affine
2.86168432236
0.50448679924
0.212350353599
0.0642177090049
-0.355053275824
-0.291474312544
0.0393980145454
-0.0501982457936
-0.55340719223
0.118793077767
-0.541303098202
-0.776479065418
-0.312914311886
0.0735137239099
0.733468770981
-1.91344618797
-0.434142440557
0.445595502853
-0.562903761864
0.156134948134
0.00809718854725
2.70124912262
0.638119518757
-0.0341056846082
-0.0991668477654
0.258622944355
-0.325406849384
0.028870260343
0.782115638256
0.269868046045
-0.174892142415
0.359709143639
-0.488198727369
-0.331106036901
0.0328756943345
-1.41312420368
0.0604607760906
0.120078742504
0.582150638103
-0.360671013594
-0.204140990973
0.0221030097455
0.509453833103
0.350862443447
-0.273428976536
1.03515028954
-0.182236686349
-0.015599465929
0.0326852761209
-0.0983657836914
-0.297472268343
0.378007888794
0.622267484665
-0.0114281307906
0.786478102207
-0.0643610283732
0.26817035675
1.22545695305
0.180379807949
-0.319538503885
-0.920125067234
-0.236048698425
0.0888413712382
0.598066210747
-1.61302781105
-0.197446137667
0.0407075360417
0.136873558164
0.551068305969
-0.0265852697194
0.133854791522
0.322775006294
0.289165794849
0.807173490524
0.254448324442
0.429646551609
-0.0251210331917
0.933687329292
-0.171838060021
-0.474959045649
0.445431470871
0.0490249954164
-0.468282222748
-0.0174391884357
0.196817368269
-0.0644749626517
-0.719029426575
0.429436773062
-0.129209160805
0.378431588411
-0.00639242492616
-0.0444149635732
-0.387244313955
0.18305554986
-0.858621358871
0.0744440481067
-0.538861215115
0.0024627908133
0.149905145168
-0.235890135169
0.102403499186
0.0819295048714
0.10739646107
-0.915428698063
0.0382034406066
-0.0157647803426
-0.197063982487
0.118075586855
-0.16655755043
-1.15668475628
0.291447103024
0.137664809823
0.35414481163
-0.306060403585
0.757937908173
0.040963537991
0.553294420242
-0.46450740099
-0.0344401411712
0.0652030035853
1.47722518444
0.661996304989
-0.20564353466
0.248455524445
0.302051156759
0.030401578173
0.0128614688292
0.348489433527
-0.552655994892
0.588318407536
-0.363735049963
-0.336648285389
0.0489842183888
-2.04856848717
-1.58714866638
0.728308260441
0.254304140806
-0.184117555618
0.548461735249
-0.0472092106938
-0.982596337795
0.48578453064
-0.333630084991
0.190442413092
0.172463461757
0.280021429062
-0.0127158761024
1.07248830795
2.05565905571
-0.38176292181
-0.400922894478
-0.25365447998
-0.295341044664
-0.0888329967856
0.293310016394
0.513486564159
-0.150015190244
-0.242624238133
-0.696200072765
-0.105809852481
0.140085741878
-0.0725555494428
-0.128589555621
0.660293757915
-0.186558455229
0.714841365814
-0.467564582825
-0.0752850472927
1.79175150394
-0.391551196575
-0.475510984659
0.0291616749018
-0.124050140381
-0.215559363365
-0.0711285471916
-1.29680657387
0.912906527519
-0.144463136792
-0.0763703286648
0.538881719112
-0.201829433441
-0.0530054308474
0.0453586988151
-0.120033152401
0.00958579685539
0.964011609554
-0.277911484241
-0.0554261505604
0.0860744565725
0.0615825131536
0.972962260246
-0.387182116508
-0.217190012336
0.763872265816
-0.0298484005034
-0.0449065379798
1.02620398998
0.41050863266
0.496031552553
-0.535398006439
0.0975201800466
0.191850677133
-0.0565682090819
1.84763610363
0.645465195179
-0.711964309216
-0.188792154193
0.352640837431
0.180721789598
0.0274124480784
0.073503062129
0.165114209056
-0.698350548744
-0.110155455768
-0.533536016941
-0.34387075901
0.0201552752405
0.442983418703
0.526474356651
-0.304955989122
0.232005774975
0.550833046436
-0.748392283916
-0.118812322617
-0.504172205925
0.0354464091361
-0.241462126374
-0.730059862137
0.257719665766
0.482713192701
-0.0664804205298
-1.59190762043
-0.1118330881
0.843683183193
0.0355417095125
0.286848634481
-0.292347609997
-0.0953581854701
-0.0896659195423
0.0196363795549
0.718190491199
0.00886718463153
-0.341494590044
-0.401422679424
0.0769205242395
0.0131557565182
0.613688528538
0.15319237113
0.250919222832
-0.723720252514
-0.554139316082
0.0517593324184
-0.0863806977868
0.96646296978
-0.14342045784
-0.335632175207
0.692489087582
-0.580350995064
-0.150482401252
0.513518512249
-0.806917071342
0.438496857882
-0.0263486839831
-0.486878693104
-0.170716255903
0.0186141394079
-0.0872725173831
-0.637176930904
-0.558097660542
-0.633662819862
-0.00902602635324
-0.178400710225
0.0136788347736
-0.100527755916
0.4588971138
-0.83282405138
-0.177564203739
0.343702971935
0.182112425566
-0.0448943674564
-0.839773058891
-0.941537857056
0.722441315651
-0.249737992883
0.0453182309866
0.298727810383
-0.00631408765912
-0.989951014519
1.64152276516
0.276397496462
-0.0369821824133
0.19410058856
-0.0450758486986
-0.0294626839459
-2.2834789753
-0.545271217823
0.531159579754
-0.555133283138
-0.236023321748
0.356332182884
-0.00957906059921
1.66419315338
-0.406819045544
0.00407052971423
0.602029561996
0.22771127522
0.163771569729
0.0109066218138
-0.401659488678
0.996533989906
0.454750716686
0.379488229752
-0.548390865326
0.0223842244595
0.0782766267657
0.366503328085
2.3956489563
-0.265691548586
-0.896640300751
0.561747848988
0.0464820936322
0.0485804900527
-0.679002046585
1.18107640743
-0.42957597971
0.068093791604
-0.121931970119
-0.104327477515
-0.0195382237434
0.38281750679
1.20089328289
0.494939208031
0.273279756308
-0.50716573
-0.226846069098
0.0147196371108
-1.6615562439
-0.615475714207
-0.225658029318
-0.471860766411
0.323290497065
-0.162646695971
-0.0444230511785
0.0814838260412
1.98509562016
-0.282420903444
-0.341376751661
-0.343606859446
-0.491395682096
-0.028576310724
-1.31318032742
-0.143585950136
-0.0886330828071
-0.166888326406
-0.920905470848
0.158414006233
-0.0177071001381
0.31930565834
0.469450861216
0.015447719954
-0.0941338762641
-0.908315122128
-0.458488881588
0.0968542024493
-0.226465120912
1.38944637775
-0.322154730558
-0.491074472666
0.3402094841
0.472178041935
0.0437566377223
-0.593353807926
-0.0156054906547
-0.597383797169
-0.748124599457
-0.0417641066015
-0.0679908469319
0.0274800602347
-0.124322459102
0.420089423656
-0.394851595163
0.920825123787
-0.108912974596
0.034303471446
-0.0118075637147
0.0503706485033
0.420637667179
-0.841432929039
0.481230080128
0.326356142759
0.163892373443
0.0184900425375
-0.135926112533
0.312899887562
0.286066532135
-0.570415019989
-0.638572514057
0.461290866137
0.0984057337046
-0.0745008140802
-0.300004780293
-0.551390469074
-0.543382585049
-0.17802990973
-0.472901493311
0.0241004042327
-0.517603874207
0.134824171662
-0.858065843582
0.355467021465
-0.213208243251
-0.0875535160303
0.0418012402952
-0.0151101415977
3.57054042816
0.0378808863461
-0.66643601656
-0.00783009920269
0.462021648884
-0.0369111411273
-0.901559770107
-0.415420353413
-0.36540555954
0.102683328092
-0.102763921022
-0.827282845974
-0.0268072690815
0.0159047134221
-0.168770939112
0.933807134628
-0.250402420759
-0.173478916287
0.212586700916
-0.0172375626862
-0.428717583418
-0.230707988143
-0.497930049896
0.238891467452
-0.0597587153316
-0.756941080093
0.00828385353088
-1.26966130733
0.918317973614
0.192603573203
0.132895305753
-0.178147062659
-0.359560102224
0.0197575315833
-0.0388046205044
-0.0791469216347
-0.210739657283
-0.178496629
-0.0277170930058
0.10184443742
0.233555719256
-0.00365089578554
-0.125874534249
-0.0899480953813
0.23358476162
0.0854685232043
-0.0657631158829
0.143582552671
0.0453142598271
-0.0344847477973
0.482335209846
0.058546885848
-0.252998024225
0.0564278624952
-0.0102142402902
0.152352169156
-0.179880186915
0.353494435549
0.184200406075
-0.0782677680254
-0.211912050843
-0.0136515488848
0.148354753852
-0.272225856781
0.0372377671301
-0.0320318341255
-0.235982641578
0.164835572243
0.143593877554
0.179118201137
-0.046942949295
0.0989803522825
-0.171544894576
-0.187868535519
0.0332517251372
-0.166491955519
-0.196240276098
-0.0597444884479
-0.165560632944
-0.032982673496
-0.224094331264
0.0261454693973
0.148157566786
0.0651737228036
0.0207489691675
-0.0396865494549
-0.165785759687
0.0569774508476
0.159352779388
-0.0929491966963
-0.153099417686
0.095312923193
0.0995790585876
0.0923411101103
0.0525938495994
0.180879995227
-0.0272197537124
0.246862590313
-0.068777628243
-0.379530191422
-0.0431500412524
-0.736329317093
-0.837446153164
0.0643963515759
0.623305737972
-0.217385008931
0.159354761243
-0.10550827533
-0.0302412137389
0.0158671364188
-0.162243276834
-0.322458416224
0.0875122621655
-0.04397803545
0.0707732364535
0.32643994689
0.258932352066
-0.292821526527
0.369487196207
0.0554329790175
-0.259090304375
-0.168726965785
0.515482842922
-0.616297125816
0.0187151581049
0.145136386156
-0.333554178476
-0.171728551388
-0.307755798101
-0.244650200009
0.0793822705746
-0.027204843238
0.634859979153
0.367395192385
0.0439282730222
-0.0850163623691
0.0484711639583
-0.324291408062
-0.636693775654
0.234579324722
0.809485852718
0.40782943368
-0.408602356911
0.440452218056
-0.347736269236
0.0681542307138
0.275979936123
0.175337597728
0.0182405877858
0.195029318333
0.0158952046186
-0.0472482033074
-0.0524733997881
-0.00424202810973
-0.306126564741
0.362254172564
-0.133912071586
-0.329053014517
0.145095810294
-0.120947122574
0.571986675262
-0.111510969698
0.264638274908
-0.000612901465502
-0.195360735059
-0.206922888756
-0.144399553537
-0.0509538426995
0.0518980287015
0.103859223425
-0.0699672847986
0.106293320656
0.198247388005
0.0834270566702
-0.0251724328846
-0.166686549783
-0.0224678181112
-0.203173398972
0.110878176987
-0.113881260157
0.101136252284
0.0623545870185
0.119186781347
-0.0868607088923
0.0799765661359
-0.0836022049189
-0.237678527832
0.0496277697384
-0.0492041260004
0.112524911761
-0.228501453996
-0.249602541327
-0.00712813995779
0.235283985734
-0.157192915678
0.145339608192
-0.0901598781347
0.0928915515542
0.166792079806
0.00781102152541
-0.092478081584
-0.0383265018463
-0.148826599121
0.0509663783014
-0.118718244135
0.0333099514246
-0.103873237967
0.195657745004
-0.15523634851
0.090126298368
-0.11598855257
-0.227849751711
0.0545919127762
-0.141359627247
-0.0561858080328
-0.0606599338353
0.340306311846
-0.251593083143
-0.149871021509
0.0848155617714
0.0729691386223
-0.36676633358
-0.109531722963
-0.0262622721493
-0.12993350625
0.0319817066193
-0.0712234303355
0.139129340649
0.0514261350036
-0.462591469288
0.168086081743
0.196155697107
-0.306702256203
-0.200436830521
0.370522230864
0.0213891174644
0.233675688505
-0.184444829822
0.139698341489
-0.123960055411
-0.0271665956825
0.179082140326
-0.0711951926351
0.129494562745
-0.00846481882036
-0.132212325931
-0.291975021362
-0.016443695873
0.188095539808
-0.085086800158
-0.13401299715
-0.304258078337
0.0295324530452
-0.101493023336
0.0767554789782
0.261778920889
-0.490744531155
-0.211289480329
-0.195216849446
-0.0155034502968
-0.0110135581344
-0.295004218817
0.0377479232848
-0.0641635581851
0.0522018782794
-0.144496574998
0.165904477239
0.0474430881441
-0.294999033213
0.167745009065
-0.0369070358574
0.215826570988
-0.182227909565
-0.31970256567
-0.628131270409
0.0604139193892
-0.0718695670366
0.58834195137
-0.0303104519844
0.040868461132
-0.168347477913
-0.337342172861
-0.157800987363
0.107671454549
0.0717058926821
-0.101247400045
0.00936672464013
-0.0641934126616
-0.200492233038
0.150025114417
0.122425749898
0.224236547947
0.372915893793
-0.060886412859
0.205058798194
0.0631114095449
0.0792104899883
-0.192734584212
-0.0857563763857
0.150733694434
-0.0795916542411
-0.117568828166
-0.145539239049
-0.0677952468395
0.0610365048051
-0.139272063971
0.0772370621562
0.0222276244313
-0.121436156332
0.115056283772
-0.183155819774
-0.0999585911632
0.174378097057
-0.171311348677
-0.0306790713221
0.195664927363
0.0204282496125
-0.236988395452
-0.0538073517382
-0.151956319809
-0.0975205227733
-0.0413330048323
-0.230287522078
-0.249451652169
0.252048581839
-0.173863694072
0.0236664153636
-0.19538898766
-0.112332865596
0.218042925
-0.257791042328
0.0854223445058
0.111940473318
0.192375272512
-0.20092639327
0.0205027535558
-0.0604257024825
-0.051802508533
-0.102358266711
-0.107816658914
0.00999730452895
-0.091010928154
-0.0228257868439
-0.187572434545
-0.0205377489328
0.259019941092
0.0343454703689
0.192740753293
-0.0300361514091
0.114600397646
0.0609640404582
0.0244331099093
-0.0404273420572
-0.108913786709
0.131358548999
-0.0967958346009
-0.144718796015
0.133575871587
0.0094696925953
0.0647732838988
0.0097492178902
0.190846994519
-0.0152633134276
-0.0391217730939
-0.0113361282274
0.0353140383959
-0.0510129965842
-0.0695831850171
0.00700491433963
-0.085018016398
-0.115814007819
0.12506750226
-0.105442784727
-0.23206859827
0.125906124711
-0.272888630629
0.0117026092485
0.051061578095
0.0617999695241
0.0319915451109
0.200734212995
0.0235191378742
-0.248642802238
0.15350086987
0.0241737719625
0.130536958575
0.228482320905
-0.087793931365
-0.10845848918
-0.0899946019053
-0.17840372026
-0.102922864258
0.0133366119117
-0.116047337651
0.081459492445
0.0528123192489
-0.193720072508
0.123406223953
0.0420140773058
0.0229719709605
-0.216296195984
0.25638756156
0.0705319419503
0.0653345659375
-0.0642283558846
0.0943806543946
-0.0587371625006
-0.150494217873
0.127141073346
-0.11042431742
0.0709230825305
0.258987486362
0.375857681036
-0.0760583803058
0.205224603415
0.361098200083
0.217530295253
0.103803902864
-0.0522104203701
-0.268818378448
-0.143682792783
0.0607573501766
0.0119090992957
0.0493689142168
0.0516346208751
0.189410731196
-0.0112570635974
-0.28115606308
0.205002874136
0.0667207762599
-0.0294493529946
0.0836588293314
0.214617282152
-0.100511610508
-0.124912813306
0.249994799495
0.190914139152
0.254436284304
0.0893377512693
0.464864850044
-0.205843612552
0.111635752022
0.259213000536
0.170534834266
-0.141678646207
-0.0997579544783
0.0691770687699
-0.217975780368
-0.14985460043
0.18535259366
0.0822312012315
-0.209851175547
-0.268574506044
-0.108922332525
0.190274938941
0.0497065447271
0.053592659533
0.270178347826
0.211619719863
0.125591769814
-0.100787550211
0.159744411707
0.0153613723814
-0.138913586736
-0.20341335237
0.0121932812035
0.216393440962
-0.0531600229442
0.166021496058
-0.20972083509
0.395130038261
-0.0197899769992
-0.444275796413
-0.000454005785286
0.225603044033
0.07987447083
0.0971219614148
-0.099622130394
0.0203621834517
-0.0935817658901
0.226808220148
0.127930685878
-0.0425168797374
0.0517615489662
0.13674479723
0.108930200338
0.314064115286
0.0850125104189
-0.038313049823
0.0575595907867
0.485092103481
0.268477410078
-0.000728660088498
0.0864890888333
0.158338800073
-0.273136615753
-0.116933859885
0.372558802366
0.125097543001
-0.16493614018
-0.0127940298989
-0.202756509185
0.0848376601934
-0.0171383395791
0.988478720188
-0.317471772432
-0.0274778995663
-0.166725099087
-0.121021509171
-0.0322159938514
0.38829433918
0.328147292137
-0.255369365215
0.206887632608
-0.240923598409
0.0317225530744
-0.152401030064
-0.0957051739097
0.00402682786807
0.00516941351816
-0.123770542443
0.0389164425433
-0.110769040883
0.122258663177
0.0524850152433
-0.0997735485435
0.428606659174
0.0800896883011
-0.0852680802345
0.01560502965
0.0395435355604
0.0122079411522
-0.345852941275
0.222192153335
0.0959596782923
0.130203485489
0.138236373663
-0.0381770990789
0.396296083927
0.181616678834
0.178578108549
-0.0342760570347
0.121186450124
0.129611209035
-0.199527367949
0.0133521417156
0.157761856914
0.0978803038597
0.142781570554
0.0594740882516
0.212664991617
0.171971797943
0.143771529198
-0.0623609274626
-0.0754011943936
-0.0330052152276
0.00457605859265
-0.130460426211
-0.10400749743
-0.157673835754
-0.0798719227314
-0.00932621955872
-0.150122076273
0.147164970636
-0.0675018280745
0.074346780777
-0.124064512551
0.05188113451
0.0217508729547
0.115860156715
0.297252744436
0.0710930600762
-0.140906661749
-0.00250556692481
-0.255733042955
0.0132316881791
0.146685630083
0.202192291617
0.189711481333
0.192573845387
-0.21011851728
0.174882858992
-0.0825333371758
-0.0498562306166
-0.0666891112924
-0.099028237164
0.11199285835
-0.0417099110782
-0.161271288991
0.0277616437525
0.0904092043638
0.0709267854691
-0.0642118304968
0.13472956419
-0.0129038281739
-0.172746062279
-0.00419546896592
-0.0467428788543
-0.0174615047872
0.0995820909739
-0.0568079724908
-0.297949254513
0.118360549212
0.175538524985
-0.119451396167
0.151115611196
-0.147760257125
0.0550057627261
0.0674633383751
-0.36865568161
0.271862089634
0.13282354176
-0.245966330171
-0.0833671987057
-0.15474177897
0.232535630465
-0.20493042469
-0.0114648081362
0.000890317256562
-0.296389788389
-0.0334283411503
-0.272056877613
-0.240457028151
0.234864041209
0.157901197672
-0.150853469968
-0.151767864823
0.708575963974
-0.31296607852
-0.21595954895
-0.0856100022793
0.0528186820447
0.206304803491
0.231794342399
1.12046432495
-0.299488604069
-0.0685309171677
0.176602482796
-0.195092022419
0.116100460291
0.121547408402
0.25498560071
-0.108542218804
-0.0596763975918
0.0601204112172
-0.145578503609
-0.110256783664
0.184247255325
-0.22293767333
0.0986494794488
0.0662611499429
-0.0478409677744
0.0450144261122
0.28475445509
0.364812940359
0.107529103756
-0.00150731916074
-0.0545892417431
-0.189029753208
0.109678313136
0.380392283201
0.134483247995
-0.477034598589
0.227268829942
-0.020731003955
0.282496422529
0.180008411407
0.0191252343357
0.43773072958
0.532103002071
0.265190005302
-0.158130779862
-0.0874987095594
0.0134850665927
-0.321842372417
0.144570872188
-0.0301229320467
-0.0350801199675
0.14737957716
0.072456561029
0.0841952413321
0.214806467295
0.397185981274
-0.0961860790849
0.0456773340702
0.339031457901
0.0838609412313
-0.150859102607
0.191468849778
0.274534881115
-0.186774089932
0.0219704527408
0.140831172466
-0.0877930670977
-0.0793842002749
0.0880781784654
0.122053675354
0.154882803559
0.176040679216
1.09181511402
-0.393480718136
-0.306468397379
0.0818022415042
0.196238055825
-0.177622497082
-0.018725477159
0.341050356627
-0.0616347491741
0.0821007266641
-0.231185436249
0.130768641829
-0.367693036795
-0.110543139279
-0.11461289227
0.166206941009
0.0510839559138
-0.0368735902011
0.15495057404
0.317379772663
0.223155587912
0.0263684671372
0.271906733513
0.0204739104956
-0.0835784450173
-0.0794691517949
-0.0605987459421
0.470094352961
-0.0946418941021
0.0335118845105
-0.314501732588
-0.0372022092342
0.0732183903456
0.0649086609483
0.12469099462
0.454733461142
0.514211654663
-0.194350257516
0.0802042633295
-0.142563268542
-0.158920928836
0.242305725813
0.207170531154
-0.120315112174
-0.0967754125595
0.0757994502783
0.136034309864
0.363438278437
-0.0482855401933
-0.096984513104
-0.0810662806034
-0.0178277734667
-0.147589281201
0.0652976706624
-0.261329561472
0.0213489718735
-0.0108457477763
0.20805990696
-0.102055504918
0.111407868564
0.0806847810745
0.0890414193273
0.123097471893
-0.0498457178473
-0.127121910453
-0.0198323205113
-0.258046656847
0.0411054827273
0.0563229285181
0.213439211249
0.131339088082
-0.0137271564454
0.179148033261
-0.194739952683
-0.174110487103
0.0268420483917
0.0601718239486
-0.104941174388
-0.150146633387
0.125064358115
0.199831232429
0.169727906585
0.0826283991337
-0.231944590807
0.00649604620412
-0.093096613884
0.0357560068369
0.0935691520572
0.10634817183
0.233376070857
0.0197281464934
0.0454184822738
-0.186369925737
-0.0895585715771
-0.148981362581
-0.0174435954541
0.0991030856967
0.123930692673
0.281764388084
0.09893925488
-0.0122983762994
-0.0333238020539
-0.0207959003747
0.0715671554208
0.3226557374
-0.102458335459
0.0669576600194
0.0555379316211
0.387895077467
-0.103477455676
-0.0875024199486
-0.343020677567
0.0271730776876
0.116811148822
0.0163064822555
0.118797697127
-0.0855382159352
-0.0382571928203
-0.0863527357578
0.0366659536958
-0.0301348790526
0.277861714363
0.174033790827
0.169186532497
-0.0213560946286
0.239444375038
-0.153315484524
0.0720481276512
-0.230345875025
0.0127128185704
0.070938102901
-0.066202737391
0.141826063395
-0.0154357785359
-0.237268462777
-0.127526938915
-0.0662358775735
-0.0417679734528
-0.0574478320777
-0.102551497519
0.124305427074
0.457893371582
-0.134818360209
-0.182175159454
0.0281629450619
-0.0564015805721
-0.0773313120008
-0.149973168969
-0.258529186249
0.110411740839
0.0582917444408
-0.348413825035
-0.095734834671
-0.0256398338825
0.0945852398872
-0.151329547167
-0.270305901766
0.027528334409
0.00253874855116
0.260715186596
-0.123796701431
-0.0592945367098
0.0675614401698
-0.0481461621821
-0.161367475986
0.0747299417853
-0.124229580164
0.0083124851808
-0.391380816698
0.20568972826
0.051716811955
0.102309457958
-0.300137162209
0.114085175097
0.271138161421
-0.0864955633879
0.0543318837881
0.0924913659692
0.228018730879
0.0329988338053
0.143124818802
-0.0982498452067
-0.0692335292697
-0.306022167206
0.0547792948782
-0.0727439150214
0.0471717193723
-0.0526633523405
0.173516184092
0.183280438185
0.039447657764
-0.0122795579955
0.0836878344417
0.0261008255184
-0.126694276929
0.0375387184322
-0.275121569633
-0.0293689351529
0.183451861143
-0.145423337817
0.0316669344902
-0.169478207827
-0.0774648487568
-0.19377271831
0.0219839252532
0.0223152600229
0.0254193600267
0.0389425978065
-0.00234682136215
0.0873684287071
-0.0625224784017
0.175617545843
-0.00876303948462
0.0321486145258
-0.264056771994
0.000507307471707
-0.237883105874
-0.132844090462
0.230236932635
0.255606949329
0.0722861140966
-0.0327987186611
-0.247855737805
-0.122030027211
-0.171283215284
0.115212500095
-0.0370686203241
0.0497516132891
0.129743263125
-0.033799868077
-0.194200485945
0.0192796159536
0.0345641002059
0.281880378723
-0.261659294367
-0.00147681939416
0.20871604979
0.091575525701
0.0207247138023
-0.139580741525
-0.128338366747
-0.0325079113245
0.2922783494
-0.0671384930611
0.0131283774972
0.368209511042
-0.0429348275065
0.267099648714
0.271765470505
0.0655333250761
0.0499813295901
0.12632407248
0.125648349524
-0.150000467896
0.367570817471
0.0766748860478
0.250683009624
0.229757547379
0.0927967205644
0.208077922463
-0.1935916394
0.199208125472
0.0744707286358
0.0262860413641
-0.098621070385
0.0846987217665
0.0746422261
-0.205868691206
0.06254645437
0.143110394478
-0.434231758118
0.162529915571
-0.0717364028096
0.00671988492832
-0.25517603755
0.0438375994563
-0.0710414201021
0.0264218021184
-0.0576437488198
-0.0997589975595
0.00732504902408
-0.279553890228
-0.0114774033427
-0.0989032164216
0.0954952165484
0.0254057981074
-0.354261726141
-0.0892699733377
0.0930822715163
-0.199134498835
0.192687764764
-0.243496209383
-0.0440804213285
-0.326394498348
0.152234390378
-0.057683557272
0.0177385285497
-0.141447067261
-0.172726944089
0.0498492456973
-0.124635383487
-0.292350411415
0.0555040426552
0.00131687370595
-0.0357371717691
-0.251026719809
0.0114245330915
0.128585472703
-0.209960237145
0.011688397266
0.127007842064
0.0489899404347
0.209376260638
0.0903309434652
0.0380388349295
-0.097182162106
-0.256906628609
-0.143568336964
-0.198447778821
-0.026168404147
-0.309685260057
-0.120165906847
0.0438354611397
0.143392086029
-0.103360310197
-0.0784508660436
-0.103021092713
0.101437136531
-0.00370705150999
-0.0321589149535
0.0920107290149
-0.3367818892
-0.0267168916762
-0.0503952726722
0.157973825932
-0.135095864534
-0.297187685966
0.0140607040375
0.204864412546
-0.182628825307
-0.0102437483147
0.209732234478
0.0802900716662
-0.0434857904911
0.04922170192
-0.227553144097
0.0772747248411
-0.214750915766
0.161078557372
0.230981260538
0.0723703280091
-0.0671553462744
0.243996039033
-0.0790531560779
-0.064752407372
0.161253660917
-0.00502080703154
-0.176646232605
0.145412638783
-0.174118459225
0.175417438149
-0.264939934015
0.0920069441199
0.010415121913
-0.1342086941
-0.0801149234176
0.0467743501067
0.215588197112
0.182734489441
0.111638627946
0.0194972194731
-0.0516353845596
0.172998264432
0.068010032177
-0.00379302632064
0.309610038996
-0.0424355715513
-0.964866399765
0.612604916096
-0.0188127197325
-0.215684458613
-0.100476279855
-0.22898799181
0.466248750687
-0.395869672298
0.121333770454
-0.0903137996793
-0.0923315808177
-0.00558503810316
0.00920995138586
-0.101107291877
-0.116981618106
0.556874275208
0.0462585948408
-0.387225538492
0.0941337943077
0.503610134125
0.186135396361
-0.0754915624857
-0.0413697250187
0.114063516259
-0.522265613079
0.223607316613
0.328183799982
0.218207478523
0.0924385040998
0.122693099082
0.162696495652
-0.0415547415614
-0.0420904122293
0.165775373578
0.305868446827
-0.336519271135
-0.229133844376
0.397350102663
-0.411952167749
0.854603230953
-0.246946364641
-0.0916605740786
0.137681692839
0.354016512632
0.663317799568
0.269359648228
-0.0915073230863
0.197535842657
0.0359638929367
0.0792291611433
0.388002127409
0.23125217855
-0.0657495707273
0.133671522141
0.457077115774
0.0705369189382
-0.131489679217
1.0872824192
0.111976668239
0.139513239264
-0.184279277921
0.131775155663
-0.0259596202523
-0.768873512745
0.34740626812
0.265182852745
-1.75477564335
-0.285869568586
0.444287776947
-0.0681040734053
0.0137044377625
-0.49626454711
0.0837768316269
-0.00672705005854
-0.158286303282
-0.177881911397
0.259859323502
0.06143508479
0.373715221882
0.19159629941
-0.118063487113
-0.0208714865148
0.693810760975
0.213311091065
-0.704524576664
-0.0966406390071
-0.0153148137033
-0.447515249252
-0.11041482538
0.15068256855
-0.14098970592
-0.587056994438
-0.553226113319
-0.0861261412501
-0.212335377932
0.142457708716
0.421911001205
0.258233964443
0.0101009635255
-0.1975120157
0.190494731069
0.147923067212
-0.173300564289
0.461133629084
-0.228487566113
0.728635489941
-0.172676309943
-0.200024887919
-0.333506882191
-0.0391048975289
-0.326358795166
0.552377998829
-0.394443958998
0.356493413448
-0.133376911283
-0.227597236633
0.149429738522
0.0274481084198
-0.10072619468
0.0798468589783
0.157088369131
0.20378421247
-0.625103235245
0.333347290754
0.230970397592
0.11868211627
0.106589615345
-0.0144412266091
0.0555405057967
-0.0979080796242
-0.334487527609
-0.0123079810292
-0.0942253693938
0.0100894439965
0.0147443870082
-0.333651989698
-0.142030358315
-0.0475643016398
0.08777526021
-0.0318428352475
-0.0450376234949
-0.151896998286
0.0179181359708
-0.0446522273123
0.0842242538929
-0.072549469769
-0.0343614071608
0.147078365088
0.0853901430964
-0.244614064693
-0.161099568009
0.135488420725
0.108753599226
0.0607667416334
-0.185814782977
-0.0897979736328
-0.0161299873143
0.0259619094431
-0.264395922422
-0.240889027715
0.245432943106
-0.0429806895554
-0.111607454717
0.0721072331071
-0.0575928799808
0.108474709094
0.062230926007
-0.0730150192976
0.0510615333915
0.0436716191471
0.0416481308639
0.0344491824508
-0.0659769177437
-0.00702312681824
0.0397192239761
-0.0323470011353
-0.0158540196717
0.189459443092
-0.0562865622342
-0.0433291234076
-0.0299466811121
0.0825304761529
-0.163498565555
-0.301849782467
0.111756622791
-0.266284227371
-0.248156875372
0.0423164404929
-0.149268165231
0.0755308941007
-0.00794834457338
0.236869126558
0.00902906246483
0.0621950365603
-0.13078327477
-0.0106194065884
0.0299161933362
-0.0888427421451
0.0143129741773
0.172489255667
-0.0424113795161
0.164332598448
-0.0988915860653
0.244947314262
0.0750333592296
-0.140897482634
-0.335892915726
-0.227304548025
0.164202466607
0.128675743937
-0.0560673177242
0.261228114367
0.0118937278166
0.258327573538
-0.163906365633
-0.0359947271645
-0.14984421432
-0.135917648673
-0.145271033049
0.309591948986
-0.042016942054
0.0599920786917
0.177566826344
0.0443431288004
-0.0295570902526
0.0877631083131
-0.1352507025
0.0199767202139
0.0531982854009
-0.195689290762
-0.0492579936981
-0.117069132626
-0.303166210651
0.0285443328321
0.272228688002
-0.0715862065554
-0.0682563334703
0.135315582156
0.200535207987
-0.0154827777296
0.0680680200458
-0.0332481972873
-0.0738015323877
-0.0480605512857
-0.058039188385
-0.0173800215125
-0.18221180141
0.358121812344
0.0226091332734
-0.189679026604
-0.11753667891
0.0356191135943
-0.155332311988
0.273507922888
-0.0354843959212
0.118495598435
0.0278242696077
0.00101107766386
-0.534408450127
-0.498419880867
-0.0914575532079
-0.318434625864
-0.369653761387
-0.0494458563626
-0.212295398116
0.0112736038864
-0.122618556023
-0.0453912094235
0.312092781067
-0.016714092344
0.0811846405268
-0.0109385810792
-0.312962055206
-0.545842945576
-0.0977678969502
0.146305263042
-0.115328595042
0.0863932967186
0.511941969395
0.104379944503
-0.0572778843343
0.0731263160706
-0.249294757843
0.494165062904
-0.0619617290795
0.345763087273
-0.144185364246
-0.0460558757186
-0.100740663707
-0.0507597513497
0.162843674421
0.0199988726526
-0.222821518779
-0.315062731504
0.144896581769
-0.169321969151
-0.0915266126394
-0.121471792459
0.154031336308
0.224705949426
0.08152115345
-0.119800426066
0.377643704414
-0.0107061676681
0.0757429897785
0.116301603615
0.117446020246
0.190681114793
-0.0818274691701
-0.321432054043
0.21266810596
-0.0475838929415
0.023073637858
0.18620057404
-0.0042288727127
-0.181278824806
-0.220290154219
-0.0673292577267
0.152748808265
0.121936582029
-0.010852266103
0.156486645341
0.115155935287
0.165601760149
0.141557320952
0.0467678941786
0.000681610719766
-0.0372336283326
-0.0617579258978
0.116986051202
-0.258649647236
0.245187938213
-0.188021212816
0.013671906665
0.123142190278
-0.0263177156448
0.027593491599
-0.0298857670277
0.254053175449
-0.100092090666
0.0292102862149
0.141184195876
-0.261526554823
-0.121367774904
0.160323053598
0.169345259666
-0.122355133295
0.216251552105
-0.19521407783
0.25038510561
-0.22683224082
0.299828648567
-0.0799389481544
0.245261773467
0.156331658363
-0.3472866714
0.123621046543
-0.165019035339
0.153174459934
0.0703744366765
0.227225840092
-0.182021826506
-0.148179590702
-0.155342236161
0.149620637298
-0.138077914715
0.0404809787869
0.175948739052
0.151231557131
0.304766505957
0.214722678065
-0.105253227055
0.0833398848772
-0.104417942464
0.285443097353
-0.228877723217
-0.151952341199
0.188110306859
-0.0873132497072
-0.040687892586
-0.00632322626188
-0.351040810347
0.0996523723006
0.241059422493
0.0116471480578
0.0728145837784
0.398806869984
-0.0641828402877
0.143924668431
-0.319097071886
-0.251275986433
-0.0904469639063
0.0823505818844
-0.0116095794365
0.0802499726415
-0.032186716795
0.0611349903047
-0.147117987275
0.17938876152
0.0238557551056
0.243855580688
-0.209517255425
0.0939503535628
-0.100296258926
0.150623336434
-0.244263797998
0.0177779532969
-0.178080782294
0.0507673062384
0.099275007844
-0.134297341108
0.119451873004
0.0230621509254
-0.0441820807755
0.369306445122
-0.0264691635966
-0.22595885396
-0.157416552305
0.204413637519
0.0344122573733
-0.27725443244
-0.034521214664
0.081827133894
0.217204093933
-0.0754914432764
0.041553735733
-0.266669631004
-0.0872811302543
0.112660728395
0.307099342346
-0.162269070745
0.0708478167653
0.140430063009
-0.204771965742
0.123561881483
0.276405543089
-0.0700351372361
-0.047280985862
0.213717341423
-0.0653950050473
-0.176336973906
-0.346516311169
0.366313010454
0.0665956065059
-0.325611293316
-0.103083103895
0.193699672818
0.108412966132
-0.0742449313402
-0.126723572612
-0.0893710255623
0.0955609753728
-0.0381029210985
-0.0100823827088
-0.0339984111488
0.00792340189219
-0.155148297548
0.00679512321949
0.270808577538
0.0124777974561
-0.0196332931519
-0.0995477214456
0.222153931856
-0.0828731581569
0.172231674194
-0.0352295674384
-0.143052369356
-0.00155168247875
0.110297366977
-0.260605603456
0.126863256097
0.000931617163587
0.24103692174
-0.113627232611
0.183504715562
-0.22913813591
0.134937778115
-0.0469186715782
-0.158364921808
0.0863085463643
-0.23276488483
-0.0480191707611
0.00892526190728
-0.176019981503
-0.0944038927555
-0.122897990048
-0.147523745894
0.170412436128
-0.160979509354
-0.153493076563
-0.00101476989221
-0.0112259695306
-0.13984131813
0.0295164640993
-0.0333385393023
-0.13092418015
-0.0533289536834
-0.263175278902
-0.232437670231
-0.0567151419818
-0.174384534359
-0.0268073175102
0.1044986099
0.194373518229
-0.161486923695
-0.419293105602
0.0798364877701
-0.0914905294776
-0.285363376141
0.0154702654108
-0.0876410454512
-0.00285064685158
-0.347474217415
-0.0395749844611
0.045925706625
0.162377536297
0.0505083203316
-0.0356766916811
0.0113981748
-0.00780934747308
-0.0222008898854
-0.0886609256268
-0.0438254214823
0.110175639391
-0.111694380641
-0.294921815395
-0.141523212194
-0.169008791447
-0.0821879431605
0.114950954914
0.0905434265733
0.343893796206
-0.0644681602716
-0.0404531508684
-0.218710511923
-0.063751347363
0.261303275824
-0.0773460566998
0.169412598014
0.14689669013
0.280615985394
0.0479105189443
0.0268724039197
0.183742895722
0.0493865460157
0.0556763447821
-0.0960250124335
-0.243666008115
0.138706892729
0.210608884692
0.231965899467
0.00551978126168
0.00990958511829
-0.180190369487
0.209887459874
-0.218464896083
0.179539963603
-0.0805067420006
-0.174441367388
-0.0159214474261
0.110435046256
0.109979361296
-0.0987974628806
-0.200711652637
0.270929664373
0.103302173316
0.0374921187758
0.211125716567
0.00424890033901
-0.0617504827678
-0.0709919929504
0.102379269898
-0.0628103762865
-0.0271743927151
-0.0397382564843
0.174360081553
-0.121674284339
0.0630629062653
-0.155745357275
0.118335723877
0.121168255806
-0.0829033702612
-0.0776593312621
-0.159336075187
-0.364671349525
-0.173849716783
0.223044425249
-0.213317587972
-0.0638048201799
0.224585458636
0.041267555207
-0.0245901625603
0.132023602724
0.0407364591956
-0.235187038779
0.0524619221687
-0.0871862247586
-0.250755935907
-0.672974050045
0.180621564388
0.0640744268894
-0.181214407086
-0.122581012547
-0.0724396407604
-0.164980351925
-0.286223143339
0.0316627472639
0.108554236591
0.247080892324
-0.0890930891037
0.410218536854
0.0413586013019
0.258671462536
-0.0750707834959
-0.0460349172354
-0.0434686690569
0.0348348915577
-0.165726140141
-0.408411085606
0.176442250609
-0.0622777193785
-0.120188623667
-0.0819723233581
-0.0239822994918
-0.0733610987663
-0.146830156446
0.333287388086
-0.067801117897
0.176876708865
0.0960491523147
-0.139342427254
-0.0634649470448
-0.451021045446
-0.392681986094
-0.272064775229
0.21537040174
-0.0902992114425
0.176516219974
0.416805922985
-0.256466776133
-0.265100777149
-0.320827573538
0.182649090886
-0.0588908828795
-0.0991579368711
-0.252651393414
-0.197279542685
0.0874099358916
-0.00211736257188
0.430175691843
0.1545753479
-0.0120358485729
0.0935707315803
-0.0458131358027
-0.0018393045757
-0.106279522181
0.342703342438
-0.104560531676
-0.215249821544
0.37225279212
-0.0255785714835
0.119078114629
0.0196450334042
0.558083474636
-0.1656075418
-0.320706993341
-0.000169331440702
-0.155799075961
-0.369643330574
0.231618583202
0.0432110615075
-0.0932330563664
0.0931427627802
-0.177675396204
0.182264044881
-0.237756639719
0.0736228302121
0.022232843563
0.0831462591887
-0.155380100012
-0.0341865606606
0.0693105235696
-0.144728571177
0.146462842822
-0.280104845762
0.259220808744
0.0820104405284
-0.0852971673012
-0.235187277198
0.0502085015178
-0.0625770241022
-0.254929423332
0.139206215739
-0.264139503241
0.165404677391
0.222376957536
0.0339797586203
0.0983883589506
0.148100271821
0.168332636356
0.0298630297184
-0.222144365311
0.23977394402
-0.135188773274
0.118919350207
0.149924814701
0.277489066124
0.163995370269
0.0265180598944
0.0500217415392
0.227463006973
-0.116916492581
-0.0760810598731
0.320587784052
0.237274006009
0.114907510579
0.142265230417
0.442080557346
-0.0152851091698
0.117758244276
-0.0203377343714
0.408627748489
-0.140435487032
-0.078203715384
0.384254008532
0.211381956935
-0.0330260656774
-0.00717481225729
0.413991451263
0.0494520999491
-0.0423671081662
0.431840777397
-0.0013375118142
0.0928140431643
0.253737330437
0.238874778152
0.082253113389
0.408580183983
-0.280062764883
0.210775747895
-0.194098934531
0.0462806634605
-0.152108252048
0.245572015643
0.217905923724
-0.262380331755
-0.0238735042512
0.241690218449
0.335515797138
-0.0762210562825
0.188366681337
-0.30829012394
-0.105312667787
-0.322011202574
0.119119614363
-0.27867525816
0.080624602735
0.389103859663
0.111954525113
0.339926928282
0.424027144909
-0.266898095608
0.277913331985
0.233390316367
0.361498326063
-0.050218667835
-0.186583444476
-0.00227745948359
-0.209439590573
0.0259455349296
-0.0247667524964
0.0420823395252
-0.0594058930874
0.0782260298729
-0.0663297772408
0.159415274858
0.575836420059
-0.0857381597161
0.000767394085415
0.156842723489
0.0280352793634
-0.135595321655
-0.264124661684
-0.0823886021972
0.0617332160473
0.146992623806
0.0351464785635
0.203141212463
-0.0365269705653
-0.00703032966703
0.336229979992
-0.000990031287074
0.0240555536002
0.0364275723696
-0.0126869026572
-0.00551800290123
0.0566390305758
-0.227171912789
0.298176676035
-0.040096450597
-0.0671928822994
-0.270032763481
-0.166007056832
0.0499417483807
-0.0106223113835
-0.0049928878434
0.0886696726084
0.073933057487
0.104328341782
-0.0523848235607
-0.101000800729
-0.117740035057
-0.0857282727957
0.116936191916
-0.158445328474
-0.182425409555
0.0721785351634
-0.0441010519862
-0.0593047700822
-0.118639595807
0.0942717418075
0.000453203218058
0.0156228188425
0.0629874914885
0.0061887409538
-0.27403190732
0.0045547299087
0.0586001463234
0.157577291131
-0.112304538488
-0.0592031404376
-0.0509666055441
0.344897449017
0.111077092588
0.236241325736
0.0541776828468
0.33453887701
-0.0533216446638
-0.12222314626
-0.146518588066
0.103710152209
0.0620469897985
0.0271440614015
-0.112549997866
-0.112023040652
-0.181799918413
-0.216664254665
-0.00973259750754
-0.152766600251
-0.201432704926
0.117196366191
0.365180134773
-0.010043349117
0.212931886315
-0.0258934423327
-0.0581944622099
0.0722211077809
-0.0701457932591
0.398230671883
-0.0835229232907
0.0327789075673
-0.0914884284139
0.313750177622
0.100440844893
-0.00786036159843
-0.0427583865821
0.105470605195
-0.175751969218
0.0435817278922
0.0801565498114
0.0355176739395
0.0751709342003
0.00815160386264
-0.284518867731
-0.0693677663803
0.0283065680414
0.0621504858136
0.355470538139
-0.038470081985
-0.223517671227
0.0763987228274
0.106215916574
-0.198083460331
0.047903418541
-0.230180695653
0.0575107000768
0.0659835636616
0.222569778562
0.0929211825132
-0.157190978527
0.145638436079
-0.271055459976
-0.170459270477
-0.126636594534
-0.10165977478
0.107084572315
-0.110548861325
-0.101108722389
0.0558621399105
0.110281355679
-0.244871407747
-0.0257434509695
-0.109036013484
0.0481285713613
0.0333166345954
-0.135854944587
-0.0284161530435
0.0643633455038
0.228492796421
0.0967056900263
-0.0710926353931
-0.0188381094486
-0.0417728312314
0.333696961403
0.0416288524866
0.0611977651715
0.00793925859034
0.0169335883111
0.44797039032
0.15891610086
-0.0403687506914
-0.00915855262429
0.0743054747581
-0.0302591156214
0.0846071243286
0.0648333132267
0.0241665542126
-0.0307035669684
0.00742008304223
0.219441473484
0.125945970416
-0.213455781341
-0.143697574735
0.0100067090243
0.301899254322
-0.0995591729879
0.0351876541972
0.0466838404536
0.0116388564929
-0.0677305012941
-0.064669020474
0.0798868834972
0.132572427392
-0.147155806422
-0.00461645005271
0.113354459405
-0.00455826055259
-0.144403189421
0.0100812437013
-0.0654132142663
-0.0274864379317
0.116401746869
0.414851009846
-0.0137555347756
-0.242978468537
0.0248262919486
-0.174255132675
-0.00773148657754
-0.112452812493
-0.137728914618
-0.000565281021409
-0.148120611906
0.167265623808
0.165739148855
0.137178257108
0.106973782182
0.0160389877856
-0.112333700061
0.0326102636755
-0.129600867629
0.217804998159
-0.0606863573194
0.00832225754857
0.0281911250204
0.055262632668
0.366070777178
-0.389156699181
-0.228521600366
-0.129173696041
-0.0747842788696
0.184045493603
-0.35219347477
0.174046397209
0.164470806718
-0.0124532440677
-0.158660277724
0.00103703513741
0.0396442562342
-0.0241068284959
0.551844835281
-0.0998937487602
-0.107727572322
0.340770334005
-0.159196764231
-0.383068174124
-0.389942169189
0.469038248062
-0.0334076285362
-0.284241199493
0.268247812986
-0.267192870378
-0.0731519311666
-0.275065332651
-0.306732386351
-0.0181813798845
-0.337989091873
0.199935153127
-0.0625576153398
-0.130155354738
-0.00880239531398
0.30998891592
-0.166457101703
-0.353799343109
0.48132109642
-0.087741792202
-0.135166883469
0.0768430531025
-0.0942987129092
-0.445320427418
-0.48419880867
-0.0374047495425
0.114895761013
-0.2233902812
0.0953196883202
-0.499517768621
-0.443692028522
-0.463424354792
0.0603996403515
-0.238294109702
-0.311796098948
-0.183509558439
-0.226354315877
-0.579440534115
-0.0906707122922
0.179908543825
0.0616959258914
-0.297206670046
-0.0655397847295
0.0927669778466
0.156537264585
0.0371071882546
0.0636670514941
-0.168522685766
-0.00777327036485
0.257867217064
0.0180968567729
0.1071953848
-0.097005173564
-0.185253277421
0.191030144691
-0.198504596949
-0.0381577350199
-0.0622623488307
0.00746124982834
-0.0840664282441
-0.167832523584
0.208267644048
0.00291197560728
-0.202811330557
0.103876397014
0.0155971571803
-0.167057678103
-0.133171454072
-0.133886829019
0.0724759325385
-0.358808904886
-0.00653485627845
0.135136350989
-0.0261733867228
-0.0380436703563
0.155043929815
-0.142401114106
0.0994924083352
0.14431065321
-0.190811872482
-0.0783198773861
-0.0235666688532
-0.0988043025136
0.000726154190488
-0.139357089996
0.0261685959995
-0.168238863349
-0.160157188773
-0.0165766123682
-0.0361136235297
0.193723767996
-0.168917030096
0.0133353704587
0.15883231163
0.0792239755392
-0.1352096349
0.172498747706
-0.094282284379
0.0357421785593
0.143662244081
-0.189997076988
-0.0428995117545
-0.10714417696
-0.0690897330642
0.0632486715913
-0.115028738976
-0.0469983518124
0.0126791298389
-0.0401472784579
0.140039086342
-0.0335779413581
-0.123897738755
-0.154460653663
-0.17986305058
0.0832274630666
-0.0555298551917
0.212101638317
0.0599117018282
0.199589818716
0.0057862456888
-0.0628826245666
-0.222849220037
-0.0805385932326
0.214781031013
-0.0899984613061
0.136516422033
-0.186844319105
0.0821517780423
0.0758732035756
-0.041005641222
-0.16091452539
0.125937968493
-0.106785267591
0.021571367979
0.0372415147722
-0.221872866154
0.0720191299915
0.133565247059
-0.29446080327
-0.218568384647
-0.263473957777
-0.0302496664226
-0.131713822484
-0.00600179610774
-0.0850373208523
0.150966405869
-0.124519139528
0.105633318424
0.187938034534
0.258196204901
0.304056406021
0.170261308551
0.247930973768
0.216829717159
0.00443634856492
-0.0365144312382
-0.0580978393555
-0.103993631899
0.095612116158
0.16440539062
0.178536355495
0.0132850054651
-0.136876448989
0.0196927059442
0.361351966858
0.014494673349
-0.0935284122825
0.130989938974
-0.0257376451045
0.29473644495
-0.294801235199
-0.0590263567865
0.0851533189416
0.311370640993
-0.163768738508
0.134435459971
-0.0384080633521
0.0446734540164
-0.0957424640656
0.0149272819981
-0.0235203541815
0.238147616386
0.0223709288985
-0.054278075695
-0.134697079659
0.108840443194
-0.143925443292
-0.150800228119
-0.0861273258924
-0.0476858355105
0.016644153744
-0.0671322718263
-0.134132519364
0.0575232021511
-0.267713487148
-0.00798666477203
-0.381713658571
-0.0784294605255
-0.360172837973
-0.143145635724
0.0496367476881
-0.0833699330688
0.161443933845
-0.0252618584782
0.0226437859237
-0.0269138142467
-0.0932863727212
-0.197748601437
0.101554691792
0.0887147784233
-0.295175731182
0.144321382046
0.157021909952
-0.154921546578
0.120316803455
-0.212585821748
-0.120606005192
0.0475257262588
0.0483684204519
0.253405928612
0.092631444335
-0.164635583758
-0.0587163046002
-0.0674384087324
0.0784368962049
0.0954331457615
0.240373879671
-0.234266117215
0.194472938776
0.0804460421205
0.0366024263203
0.101482465863
-0.0388943590224
0.238776773214
-0.0604236014187
-0.105740129948
0.0420578718185
0.0364356935024
0.125747159123
0.011047301814
-0.278552979231
-0.318172931671
0.0313387475908
-0.133338212967
-0.161346152425
-0.0138430828229
-0.106145948172
0.0868850126863
-0.16095367074
-0.11772390455
0.0945932790637
0.158046990633
0.127797305584
0.0256800260395
0.132223546505
-0.0418147034943
-0.0559946782887
0.0639289170504
0.100995950401
-0.202530264854
-0.0188813060522
0.367285847664
0.00590148288757
0.141095042229
-0.183639138937
0.0663293078542
0.216072112322
0.0586721971631
-0.00943277776241
0.0989632457495
0.16444042325
0.0559762865305
0.0084631992504
0.0596814751625
-0.0561680942774
0.149977758527
0.036314830184
-0.172724857926
-0.037050999701
-0.00536452000961
0.0435605533421
-0.184135064483
-0.0306006204337
-0.18875579536
0.0570476315916
-0.129533171654
0.320807814598
-0.0197687167674
0.199391320348
-0.0782327950001
-0.225730985403
-0.152738049626
-0.263034850359
-0.171207129955
0.189539685845
0.037062369287
0.0309839211404
0.111510977149
0.0689705014229
-0.0384575985372
-0.32884773612
0.126324623823
-0.0551962926984
0.534591019154
0.0627520829439
0.823544025421
0.869986116886
0.071548089385
-0.466573625803
0.497486889362
-0.156918272376
-0.0178811587393
0.207531526685
0.0921851024032
0.370680600405
0.651160001755
-0.084795832634
-0.154770001769
0.134569019079
-0.154383003712
-0.114299938083
0.0680818036199
-0.414168924093
-0.277456372976
0.196302503347
0.265777915716
-0.534510016441
0.60682964325
-0.701712965965
0.12721209228
0.0498465672135
-0.164152637124
0.382067650557
0.207519173622
0.121001414955
-0.254882633686
-0.713984966278
-0.334772616625
-0.0152092436329
-0.26999989152
0.161238759756
0.0639441162348
0.105953171849
-0.375319361687
-0.868748605251
-0.799994409084
0.571090698242
-0.176604524255
-0.316893935204
-0.165864676237
-0.148809105158
-0.313192993402
0.098789960146
-0.34262919426
0.0383322574198
0.0576687939465
-0.103373721242
0.107725478709
0.571436285973
-0.456651180983
0.0532835610211
0.308794468641
-0.0763968154788
-0.164356410503
-0.306168079376
0.012807643041
-0.227716729045
0.00872027501464
0.0342710092664
-0.2878652215
-0.0104838544503
0.0594096519053
0.13492667675
-0.205428883433
-0.0737492367625
0.0123712019995
-0.224438607693
0.036116655916
-0.282464832067
0.0711532309651
-0.0929232165217
0.240381702781
-0.0336504131556
0.054470717907
0.129535317421
-0.211640000343
-0.247145280242
0.135943502188
-0.0856549292803
0.129151061177
0.0308088827878
0.171639606357
-0.134373724461
0.0886213555932
-0.281767606735
-0.185120865703
-0.00290672713891
0.169903680682
0.0574535243213
0.0816574916244
0.105910785496
-0.157196640968
0.0817014202476
-0.0279788076878
0.0451020225883
0.225413188338
0.205236837268
-0.183723449707
0.134231984615
0.0613816268742
0.0888190045953
-0.135647684336
-0.18421381712
-0.10255253315
-0.0656881630421
0.22625669837
0.233774602413
0.0464593432844
0.228923052549
-0.146089017391
0.127214685082
0.085699826479
-0.130171701312
-0.188039004803
0.15136359632
0.134645074606
0.0347828269005
-0.0408402271569
-0.0157570596784
0.110259458423
0.0126494150609
-0.0445160977542
-0.0550334341824
-0.303532540798
0.106794692576
-0.102505609393
-0.0486646145582
0.137601494789
0.319808095694
0.101858556271
0.199804008007
-0.0395541153848
-0.180973172188
0.0843192264438
0.0922759696841
-0.00919876154512
-0.152190133929
-0.0412554107606
0.0330017805099
-0.434476643801
-0.0751767158508
0.300829023123
-0.0708713606
0.160880252719
0.120222732425
-0.0602521002293
-0.0731612592936
0.00106296385638
0.0812438428402
-0.0385906472802
-0.13247422874
-0.224757432938
0.0511754639447
-0.198055326939
-0.0549979247153
-0.151761367917
-0.00622803997248
-0.168811589479
0.220723971725
0.0886279866099
-0.0745885372162
-0.0577004142106
0.178089007735
-0.253275632858
0.051443759352
0.0164679978043
-0.269152611494
-0.0434215441346
-0.237729504704
-0.143238142133
-0.098860040307
0.0394185557961
-0.0438699610531
0.0495446100831
-0.0336225703359
-0.0475956052542
-0.0533135309815
0.271460711956
0.174262791872
-0.0538500510156
-0.0390201173723
0.270589888096
-0.075102686882
0.013837730512
0.0802856385708
-0.0722166448832
0.179069548845
0.0190359409899
0.00389247713611
0.0271274112165
0.0144361015409
0.0464929565787
0.0746691077948
0.0426609106362
0.0590981692076
-0.0376907847822
-0.156759753823
-0.00421802140772
0.0260502994061
0.00433350587264
0.228650376201
-0.280449569225
-0.191128745675
0.169520914555
0.0626365989447
0.151551559567
0.173191487789
-0.11907274276
-0.0826924815774
0.0417123883963
-0.182644188404
-0.148584336042
0.203695818782
0.147875577211
0.259754747152
0.0135193280876
-0.394138455391
-0.0832109823823
0.109305232763
0.105814121664
-0.0349153131247
0.0931943356991
-0.211055055261
0.0307433251292
-0.359074056149
-0.119297944009
-0.11115629971
0.204406440258
-0.12343968451
0.29533046484
0.0706607624888
0.0127598177642
-0.0858802497387
0.0586957409978
0.103967688978
-0.122036673129
0.077503412962
0.0232829060405
0.147236898541
-0.0808651596308
0.0645889490843
-0.0316869094968
0.092143252492
0.0868998169899
0.0240056309849
-0.106718562543
0.159032002091
0.00999975763261
0.010527998209
0.194718107581
-0.0127380415797
-0.0505820550025
0.0197736807168
-0.0390479527414
0.00405208161101
0.0321378968656
-0.0147917252034
-0.0827330350876
-0.0537082515657
-0.175697341561
-0.00793711096048
-0.0899645090103
-0.0188442114741
0.0496523864567
-0.058135047555
-0.107170552015
-0.278009593487
-0.0126075651497
0.0133058577776
0.316001355648
-0.102410770953
-0.0386516414583
0.00111804762855
-0.0967765301466
0.0222151651978
0.0178316906095
0.304100245237
-0.00753673911095
0.0316643789411
0.172077581286
-0.154010072351
0.243315726519
-0.119035340846
-0.0195600036532
0.0829302445054
-0.286154419184
0.0799183323979
0.146975234151
0.01924726367
-0.0199330803007
0.0780246183276
0.00209597521462
0.0591747872531
-0.0084246173501
0.0387423411012
0.0814187675714
-0.112450301647
0.175942182541
0.121918842196
-0.130610287189
-0.13989661634
-0.132111594081
0.155304461718
0.053789164871
-0.0640227943659
-0.390691906214
-0.203178137541
0.0247365869582
-0.126612797379
0.125273376703
-0.211746424437
-0.249645143747
0.0923292264342
-0.222696393728
0.220648214221
0.125298649073
0.00206223060377
-0.0412211716175
0.116630114615
0.26219907403
-0.0780257806182
-0.027563367039
0.199727162719
0.259551852942
-0.0209269300103
-0.213019281626
0.637693405151
-0.293007791042
-0.115029744804
-0.260907560587
-0.175257325172
0.25958275795
-0.0498803779483
0.651145339012
-0.0816839188337
-0.172473341227
0.238691225648
0.0572815351188
0.358799695969
0.467398643494
0.171462953091
-0.246392935514
0.166046276689
-0.0279298834503
-0.217061668634
0.00872550159693
-0.0460342131555
-0.0442726314068
0.19764791429
0.116769827902
-0.12210072577
0.203340888023
0.196493461728
0.309615641832
0.352432191372
-0.0499994270504
-0.0319754332304
-0.211840450764
-0.126905307174
0.218512311578
-0.121883831918
-0.151371493936
0.16348336637
-0.165696755052
0.248097449541
0.397023290396
0.114050634205
0.463820427656
0.328025877476
0.290317952633
0.0667036771774
0.0342980474234
0.0993780046701
-0.200536265969
-0.0390029810369
0.1131702438
0.0565558932722
0.145182147622
0.0676996782422
0.041366647929
0.100570596755
0.321625262499
-0.12379386276
0.107609920204
-0.111344002187
-0.146059036255
0.120819099247
0.105184391141
0.0137479249388
-0.0782455578446
0.133902013302
-0.0874303728342
-0.106023266912
0.0388696752489
-0.159689605236
0.128766790032
-0.0625757947564
-0.0220549236983
-0.0192611236125
0.151525989175
0.149647787213
-0.18558819592
0.0128638586029
0.0066592944786
0.0957036912441
-0.0314822793007
0.138969451189
0.0577518828213
-0.00929995067418
0.221594661474
0.0114698298275
-0.0445954576135
-0.155842512846
0.0954941362143
-0.133228763938
-0.268738597631
-0.0223603881896
0.0838364958763
0.0423889271915
0.0446975752711
0.0354901887476
-0.218672692776
-0.0758421942592
0.282032221556
0.073509760201
0.0536687225103
-0.0859631747007
0.122344210744
0.107496023178
-0.317886382341
0.0872502550483
0.0339284352958
0.15883500874
-0.0134831443429
0.352364808321
0.160479635
-0.326354831457
0.0635039508343
-0.131865203381
-0.0420792885125
-0.247119084001
-0.346887618303
-0.0153788151219
-0.0876318663359
0.0560279674828
0.195823639631
0.16308426857
-0.0161060728133
-0.36555826664
-0.0270296800882
0.0913225412369
-0.260586559772
0.188867643476
0.143644228578
0.148375466466
-0.141053900123
0.0776580497622
-0.132238268852
0.0253270883113
0.0460607893765
0.139372855425
-0.103749074042
-0.0437854044139
0.18972492218
-0.00423843320459
0.0954186022282
0.0755273550749
-0.134235307574
-0.121127538383
-0.102573379874
0.0487437918782
-0.00188110838644
0.23018617928
0.0891999974847
-0.00152933469508
-0.241147920489
-0.0378035642207
-0.13684117794
0.246753200889
0.00909437518567
-0.105453461409
-0.144894912839
-0.254876494408
-0.192661702633
-0.00393761321902
0.00644409889355
-0.185907691717
-0.0593157745898
-0.0249792300165
0.290471553802
-0.0340328551829
-0.144060954452
0.0416977033019
-0.0965421944857
0.0861514285207
0.139629364014
-0.0924934744835
0.12807123363
0.213901698589
0.312868326902
-0.121912591159
-0.115521751344
-0.00868568290025
-0.0593281984329
0.0136372791603
0.130550384521
-0.0750154182315
-0.124309130013
-0.0959780216217
0.122274182737
-0.015545796603
0.149945691228
-0.00533916335553
0.0195361133665
0.192511186004
-0.244116142392
0.257603049278
-0.0257182009518
-0.315251231194
0.146430209279
-0.127242699265
-0.0028268431779
0.0720203220844
-0.0656868517399
0.227553084493
0.0992964729667
0.102946050465
-0.0604552961886
-0.160111933947
-0.0241396389902
-0.111232079566
0.169641137123
-0.0445468984544
-0.291253954172
-0.0400435999036
0.0211942978203
-0.0364373773336
0.299192249775
0.0116545632482
0.00677044829354
-0.1896956563
0.187474995852
0.0776359587908
0.385393887758
0.206871658564
-0.0665097683668
0.0479043275118
-0.107729502022
0.103049166501
-0.0160651989281
-0.118233069777
0.153598576784
0.145148828626
-0.232443720102
-0.24263432622
-0.302635014057
-0.0062464941293
-0.188836932182
-0.0680403038859
0.0364444777369
0.100483767688
0.0784941017628
-0.1412999928
0.119762793183
-0.00828808173537
-0.014048310928
0.188509002328
-0.204263687134
-0.112534314394
-0.0524244569242
-0.0180052109063
0.187549158931
-0.022984419018
0.391099900007
-0.182748302817
0.0778097733855
-0.056052647531
-0.0610984303057
0.0150950355455
0.146259501576
0.0640841275454
-0.13054394722
-0.33819258213
-0.00190937600564
-0.0555104054511
-0.0351685397327
0.170131772757
0.106558129191
0.121319644153
0.0325583070517
-0.0905363112688
-0.242215394974
-0.0755413621664
0.225412234664
0.133801400661
0.018275750801
0.0475817583501
0.297697007656
0.0149573823437
0.112961776555
0.0508810579777
-0.044759105891
-0.216438218951
-0.17866563797
-0.0139686670154
-0.102442376316
-0.0986163169146
-0.0582391284406
-0.0647888705134
-0.162584602833
-0.111301362514
-0.00709795951843
-0.0923986136913
0.180349618196
-0.24906848371
0.107961632311
0.240008488297
-0.171871885657
-0.121623918414
-0.0586573183537
0.0522122867405
0.163010150194
0.0916413143277
0.0575258433819
-0.264543682337
-0.170116752386
0.128721624613
-0.249910011888
-0.220994159579
0.101718537509
-0.0346447825432
-0.122021980584
-0.0809149518609
0.0722402259707
-0.206678956747
-0.176071688533
-0.018540116027
-0.0151389492676
-0.196077391505
0.0491147562861
-0.37453570962
-0.011050272733
0.0672910287976
0.0133811943233
0.582779884338
-0.0724026113749
-0.133514925838
0.346536666155
0.250981688499
-0.00934874266386
-0.096871972084
0.429963290691
-0.047463927418
-0.263342291117
-0.0285239126533
-0.26102077961
0.0228189732879
0.180092081428
0.972327589989
-0.208790913224
-0.0513083823025
0.155675381422
-0.226630717516
0.0217317808419
0.113957643509
0.256763786077
-0.180299922824
-0.0323732234538
-0.0176445618272
0.144163966179
-0.334993004799
0.00180327158887
-0.211451768875
0.171128362417
-0.059137981385
0.0911291986704
0.148862540722
0.0270783212036
0.106942892075
-0.098829716444
-0.00274405186065
0.0172168556601
-0.176936745644
-0.0756393373013
-0.0561710819602
0.539333045483
-0.0657947659492
0.250195324421
-0.155393794179
0.0740789398551
0.123157814145
-0.0429600924253
0.115442015231
0.161689192057
0.348321676254
-0.0924609452486
0.332492023706
-0.030214458704
-0.245413631201
0.0961019694805
-0.0244166404009
0.119018226862
0.0198463853449
0.240026473999
0.12506942451
0.15978422761
0.311260640621
-0.0590437799692
-0.169385790825
0.0452129915357
0.0190104786307
-0.0442770496011
-0.158757433295
-0.262937784195
0.0869479104877
-0.265468746424
0.238161578774
-0.151722818613
-0.227276787162
-0.0195261351764
0.0323510840535
0.347000658512
0.031407173723
-0.0785216167569
-0.027775067836
-0.0655037090182
-0.340016067028
0.0820175260305
-0.0613366216421
0.0450653508306
-0.179144605994
-0.0217341948301
0.175818994641
0.00541382562369
-0.249103784561
-0.17881603539
0.0265508890152
-0.0193748679012
-0.0902096182108
0.211069941521
-0.0575759410858
0.0314187780023
0.113553859293
0.137682214379
0.216328978539
0.0771148651838
0.0186571292579
-0.0521317385137
-0.130540043116
-0.163448065519
0.281511127949
-0.115405805409
-0.0573507510126
0.0360035076737
-0.070447050035
-0.019129762426
0.185781344771
-0.172514587641
-0.127230480313
-0.076044909656
-0.0638189092278
-0.0219190381467
-0.212304905057
-0.148868978024
0.135527849197
-0.0835783332586
-0.143917143345
0.00686456169933
0.128493323922
0.172629565001
0.0826868489385
-0.239953026175
-0.0368428304791
0.297765225172
-0.279051840305
0.798738062382
0.0807522460818
0.236298412085
0.121180526912
0.644756674767
0.304543435574
-0.205077216029
0.010859281756
0.243935808539
0.283839911222
0.21471786499
-0.277123779058
0.184434711933
-0.247467190027
-0.104800328612
0.0886704698205
0.21254825592
0.129980519414
-0.206447511911
-0.033661596477
-0.051428951323
-0.163064777851
0.327100545168
-0.258349180222
0.422807186842
-0.180643454194
-0.241239383817
0.0036737699993
0.132508009672
0.402098596096
-0.226769313216
0.0602932795882
-0.262359499931
0.0293282344937
0.00954308174551
-0.0986258909106
0.0309235733002
0.0180005244911
-0.0916222259402
-0.694546401501
-0.383092880249
0.875158786774
-0.247793197632
-0.499827206135
-0.203660935163
0.0204724296927
-0.455512940884
-0.163497447968
-0.268169105053
0.051154371351
-0.299905955791
-0.230202406645
0.649573922157
0.274158388376
-0.483020395041
-0.199537709355
0.0211103074253
-0.754584729671
0.101851679385
-0.163012742996
-0.000895952573046
-0.327754735947
-0.00850686058402
0.251816272736
-0.0857403352857
-0.0248057115823
0.167259812355
0.351523250341
0.0703304857016
0.234174117446
-0.164780884981
0.0685572847724
0.0136369355023
-0.214285448194
0.0773988068104
-0.136368051171
0.0231419801712
0.0256013479084
0.040348764509
-0.246344149113
-0.0477967336774
0.15627399087
-0.039630278945
-0.0453674010932
0.0988828986883
0.106447197497
-0.0982190221548
0.0483447685838
0.143547743559
-0.11827223748
0.00951226614416
0.107730016112
0.124306701124
-0.0676398426294
0.233684971929
0.219999030232
-0.132854148746
-0.239990696311
0.0434719733894
-0.0148632209748
-0.240821048617
0.0745903179049
0.209886983037
-0.125306338072
0.123369805515
0.0220525432378
0.0148453032598
0.162288695574
0.0385568588972
0.231121405959
0.170416519046
-0.135757818818
0.0260304883122
-0.20008584857
-0.13331784308
0.252424746752
-0.0596091672778
0.0130306696519
0.106284670532
-0.164420634508
0.0455937422812
0.0713697001338
-0.257683306932
-0.0126152224839
-0.482557028532
0.00784172676504
-0.0413102470338
0.00456570275128
-0.496651053429
-0.140932619572
-0.207120403647
-0.380392163992
-0.055306494236
0.157212674618
-0.158576980233
-0.0219416245818
-0.0218295063823
-0.213904812932
-0.0210641529411
0.0638538897038
0.106510967016
-0.199427708983
0.114101089537
-0.0607463046908
-0.197722896934
0.0394320823252
-0.0376155748963
0.181293740869
0.0957363992929
-0.133306592703
-0.140168383718
0.0564437769353
-0.113101884723
0.494644463062
0.0559291876853
-0.0462864562869
-0.0205867961049
-0.145433858037
-0.198906034231
0.11166447401
0.0881851017475
0.316835343838
-0.0207332409918
0.155461132526
0.183283314109
-0.123932190239
-0.165463492274
-0.00302449380979
0.0888070389628
0.228507474065
0.217836916447
-0.478538662195
0.244705498219
0.029541388154
0.0970862433314
-0.0502504706383
0.63681524992
-0.0505757145584
0.20138078928
-0.12611463666
0.0177408885211
0.430377811193
0.123970925808
-0.167947053909
-0.0560622140765
-0.265966773033
0.192091301084
0.202064633369
0.14070007205
0.035920355469
0.164340898395
0.362427830696
-0.031135616824
-0.0839091539383
0.0092601403594
-0.241244181991
0.0138212041929
0.0442402213812
0.150321826339
-0.0366163998842
0.0702140629292
0.202040314674
0.208280652761
0.172773450613
-0.0741572678089
0.010502083227
0.255924195051
-0.115698710084
0.0384380333126
-0.0252428464592
0.285715192556
0.215080842376
0.109396331012
-0.0764059275389
0.00335854059085
0.124949865043
0.0469573996961
-0.15463848412
0.0364936850965
0.194602757692
0.10123001039
-0.0771302878857
0.0776008293033
-0.0079950382933
-0.275447070599
-0.145540028811
0.144991889596
0.130623579025
-0.0994980409741
-0.169944509864
0.0918158069253
-0.292782753706
-0.0130192674696
0.383691906929
-0.00051341787912
0.122102163732
0.0862741246819
0.0886624902487
-0.237456575036
0.0349758677185
-0.0309233441949
0.0158896781504
-0.0973180681467
-0.0150569574907
0.00759253837168
0.0261251870543
-0.126076042652
-0.162832453847
-0.18285882473
0.23728749156
-0.402718096972
-0.0473355874419
0.0771763697267
-0.0889084860682
0.0822175443172
-0.160799026489
-0.0082113519311
0.0610391050577
0.105689041317
0.0716410651803
-0.0469961352646
-0.0846968442202
-0.206424817443
0.123826421797
0.018842568621
-0.0449170172215
-0.0118154129013
0.119274064898
0.107925511897
-0.188113242388
-0.186627939343
-0.211916029453
0.0266091730446
0.054627738893
0.353808522224
-0.035286962986
0.0649202018976
-0.191412091255
-0.0853041782975
-0.0299787689
-0.219098508358
-0.00352884083986
0.0227517876774
-0.172048851848
0.0672313645482
-0.065867036581
-0.179847061634
0.0364089794457
-0.121294431388
0.0283557996154
-0.232339948416
-0.046197719872
-0.0832530558109
0.118701726198
0.065653398633
0.180503666401
0.173896983266
0.0221309568733
-0.0445076078176
-0.145585462451
-0.221425667405
-0.0355670116842
-0.0626174509525
-0.357542902231
-0.32138210535
-0.0471725873649
0.130500152707
-0.286236137152
0.190796107054
-0.0924169048667
-0.202501937747
0.0126061895862
-0.148425266147
-0.0909930318594
-0.313887238503
-0.117161437869
-0.250649869442
-0.212872594595
-0.0578487068415
-0.0486018322408
-0.105061121285
0.0942888557911
0.0052067739889
0.0042821848765
0.188768744469
0.417167723179
-0.201847597957
-0.074495986104
0.163468062878
0.112486094236
-0.124506287277
0.0670989304781
0.22083979845
-0.211679086089
-0.0432064644992
-0.0455323047936
0.255360633135
0.158904090524
0.299415111542
-0.00937674939632
-0.0952341556549
0.265699028969
0.182026296854
-0.2215744555
0.119547463953
0.0817664042115
-0.179130613804
0.087536804378
-0.0548791363835
0.23669026792
-0.491478919983
-0.384085834026
-0.196469023824
0.245722025633
-0.0708435326815
-0.285569041967
-0.0423631891608
0.193212807178
0.00025126762921
-0.174175128341
0.351779222488
0.188132837415
-0.167664781213
-0.0161407291889
-0.338385373354
-0.0704857558012
0.215229928493
0.174510404468
-0.559185147285
0.213058486581
-0.0761843547225
0.186532109976
0.0272703506052
0.449341088533
0.324832260609
-0.421720147133
0.0625185370445
0.319801598787
-0.121940493584
-0.0470778755844
0.226761341095
0.207176759839
-0.289169341326
0.164358049631
-0.0387932136655
0.353102087975
-0.367868602276
-0.102120622993
0.106231451035
-0.187022805214
0.057851113379
0.0753817409277
-0.119018189609
-0.188078433275
-0.0278584640473
0.205212682486
-0.466203778982
0.0852435603738
0.0703824833035
0.223235920072
0.137742444873
-0.383928060532
-0.0873755738139
-0.877024173737
0.116335220635
-0.00674357218668
-0.228928104043
-0.074225731194
0.0512846000493
-0.329533040524
-0.287584125996
0.318417310715
0.0429530590773
0.183549851179
0.0669674575329
0.181528225541
0.215801239014
0.4319652915
-0.0666475817561
-0.0704591199756
0.0629458725452
-0.223543733358
0.0299989785999
-0.277550250292
-0.0324107632041
-0.440786778927
-0.00111894181464
-0.0436750799417
-0.128078654408
-0.311646223068
-0.186908170581
0.347569018602
-0.052369967103
0.0656771361828
0.0664386972785
-0.0980203077197
-0.0707482025027
-0.0287815183401
-0.42667144537
-0.142848387361
0.0629517361522
-0.235588744283
0.0507913120091
0.262110650539
-0.257858216763
-0.262250185013
-0.105555325747
-0.283597797155
-0.0448224693537
0.0917756557465
-0.149936139584
-0.476489663124
0.048018887639
-0.0807968527079
-0.179689988494
-0.0705323219299
-0.0242516472936
0.0694389119744
-0.182608366013
-0.0838923975825
0.037211921066
-0.074990414083
-0.0965443998575
0.164989098907
-0.21703594923
-0.182518318295
0.0680583566427
-0.128911286592
-0.390101492405
0.0342507325113
0.256487190723
-0.100739836693
-0.114724300802
0.177962124348
0.0318292230368
-0.312927305698
-0.17374239862
-0.0913065597415
0.234496042132
-0.0955659151077
0.0106796398759
-0.0709354281425
0.0623267665505
-0.309504419565
-0.0489086546004
0.0165061186999
-0.12177555263
-0.121886022389
-0.133787065744
-0.00823931023479
-0.216632351279
-0.126676604152
-0.0969074368477
0.0361255146563
-0.0482602491975
0.0433329492807
-0.0368880666792
0.0716855227947
0.101807646453
-0.0658196508884
0.400787234306
-0.114419512451
-0.108865462244
0.147877112031
-0.145944386721
0.121172517538
-0.279933840036
0.0855631232262
-0.0517672263086
-0.0567182153463
-0.0930362343788
0.151895016432
-0.202937424183
-0.0297273229808
-0.107199840248
0.0553321093321
0.029579013586
0.0403812304139
-0.0959110334516
-0.0215089060366
-0.0384491495788
-0.00948308128864
-0.0970074534416
-0.0624220408499
-0.1282838732
0.0338476374745
0.193928346038
0.00212453491986
-0.0394045226276
0.019538950175
0.0715457424521
0.233937457204
-0.197013452649
0.0112309688702
0.0589957609773
-0.154723703861
-0.0428206250072
0.165593594313
-0.04552314803
-0.0515828803182
0.0427065715194
0.100876487792
0.0734257623553
-0.0950553268194
0.145996645093
-0.0400922074914
-0.168502435088
0.127046048641
-0.346029341221
-0.0223881546408
0.119145020843
0.0387802086771
0.0314194969833
0.0926476716995
0.113627143204
-0.0166440419853
-0.140693247318
0.0444362349808
0.212487801909
-0.170736551285
0.0811408981681
0.143046304584
-0.000965349492617
0.0747110471129
-0.0666240006685
0.0959081873298
-0.120964482427
0.0871036052704
0.00891976617277
-0.0579833686352
0.135154023767
0.00101940485183
-0.186564400792
-0.185501679778
0.158706843853
0.129822850227
-0.336146503687
-0.157288178802
-0.0593797191978
0.295733422041
-0.179707616568
0.360406219959
0.0176737643778
-0.0537014231086
0.0248849503696
0.158918499947
-0.0101152779534
-0.00299867149442
0.0530588328838
0.142210736871
-0.0823699459434
-0.00158072309569
-0.231993481517
-0.050543949008
0.032090369612
0.0889575853944
-0.0892937555909
0.251629829407
0.339565217495
-0.0259803012013
-0.0569723844528
0.186042264104
-0.16700142622
-0.309744864702
0.139979243279
0.313216090202
-0.0433637984097
0.176929652691
-0.142176017165
0.331689327955
-0.0041334675625
0.162102535367
-0.0488045625389
-0.108487434685
-0.100398749113
-0.0339173674583
0.0453991293907
-0.0367276780307
0.00550026027486
0.0415755920112
0.354571729898
-0.0335227251053
-0.159441918135
0.0214589126408
0.0719816088676
-0.138220414519
0.124619111419
-0.038126360625
-0.274258553982
-0.0059195519425
0.262812435627
0.0228401273489
0.34700024128
-0.0102488072589
0.0829420909286
0.0564325898886
-0.172895982862
0.0040807723999
-0.18146584928
0.234714433551
-0.151281282306
-0.121138907969
-0.0655417516828
0.211388543248
0.173067346215
0.234024658799
0.00921575725079
-0.0414074510336
-0.0829660519958
-0.489578545094
-0.211058869958
-0.0118490085006
-0.111793026328
-0.0223322920501
0.0230921786278
0.0439947247505
-0.136045247316
0.136592164636
0.275050848722
-0.0951595380902
0.0492152944207
-0.0968965366483
-0.271877169609
-0.714818060398
0.0518906898797
-0.00571381533518
-0.0299987848848
0.216266468167
0.276584684849
-0.441169708967
-0.251099973917
0.236055538058
-0.241285488009
0.0344067104161
0.00630269479007
0.269631713629
-0.0846597328782
-0.0898556113243
-0.196213871241
-0.0822142511606
0.139221504331
0.155103206635
-0.358274906874
-0.406876027584
0.0523218810558
-0.0828445330262
-0.0534362606704
-0.0796276330948
0.0794900879264
0.114572010934
-0.034440279007
-0.135053277016
0.101998120546
0.300073355436
-0.149418309331
-0.184614762664
0.136151015759
-0.111363105476
-0.214219674468
-0.373122155666
0.117734149098
-0.0580217503011
0.0871529430151
0.179265797138
-0.0330032147467
-0.215424567461
0.0586577281356
0.391595691442
-0.261117398739
0.0906022414565
-0.0842234641314
-0.369712710381
0.136617347598
0.0226400233805
-0.262658536434
-0.255369782448
0.0185538455844
0.16942705214
0.041185118258
0.391341418028
0.136390924454
0.026745326817
0.0242996048182
-0.0481791011989
-0.0109932441264
0.0624082162976
-0.0219233091921
0.184286445379
0.250154495239
0.161493569613
0.123325198889
0.156927987933
0.0313949845731
-0.13763089478
0.201145365834
-0.0607485212386
0.00348465866409
-0.166348546743
-0.0712103620172
0.108285404742
0.314919501543
0.0482734590769
-0.0726053789258
-0.20685878396
0.105410695076
-0.0388474613428
0.0306809674948
0.0530963391066
-0.0289047844708
-0.247990265489
0.298947781324
-0.204818308353
0.0523620471358
0.0328725352883
0.0332718864083
-0.0340072773397
0.134788617492
0.18448355794
0.0908667072654
-0.0646653622389
-0.0871745347977
0.0991119816899
0.0505261495709
0.130928397179
0.0686488896608
-0.0828486680984
-0.0459417849779
0.28531691432
0.0893513336778
-0.152843147516
-0.168247118592
-0.147235512733
-0.0884655341506
0.106460765004
-0.0931341573596
0.0312405750155
-0.0266006663442
0.0162604264915
-0.00122144725174
-0.324176698923
-0.0578211918473
-0.179663047194
-0.287037968636
0.0959694385529
0.11804433167
0.144582241774
-0.0801023170352
0.234950348735
0.025413075462
0.116397202015
0.0397586040199
-0.150097802281
-0.120712600648
-0.446580529213
0.0150236515328
-0.0427886582911
-0.211023434997
0.152546361089
0.0523126125336
-0.141447663307
-0.125811040401
0.276954263449
-0.189204767346
0.178058058023
-0.132478818297
0.191664755344
0.0427237078547
-0.0867288485169
-0.197162359953
0.0740182101727
0.334116816521
0.146817341447
0.0325423702598
-0.226941227913
0.0391283780336
-0.254322737455
0.0235094781965
0.0960894972086
-0.0845439955592
0.0857729762793
-0.146316751838
0.0128614809364
-0.27109670639
-0.0242141056806
-0.17281460762
-0.0299274884164
0.231382012367
-0.0282669793814
-0.348543763161
-0.332009971142
0.19324414432
0.0141947632656
-0.12754830718
-0.184861585498
0.088935546577
0.0447952598333
0.281180143356
0.0838447138667
-0.116619884968
-0.0569226816297
-0.213151231408
-0.00354126258753
0.0565851330757
-0.00911289919168
0.109342589974
0.0584156475961
0.127976328135
-0.252784818411
-0.233127072453
-0.0935232415795
-0.00115886330605
-0.180697113276
0.147677317262
-0.0694162771106
-0.121247082949
0.0617728233337
-0.208143979311
-0.12030107528
-0.236460134387
0.0910378098488
0.0880688726902
0.0976704731584
0.0184441097081
0.109160095453
-0.180012747645
-0.0626034811139
-0.186003729701
-0.0232678037137
0.0800506472588
-0.131086558104
0.00600382452831
0.112868048251
0.0227347686887
-0.245682790875
-0.000458488764707
0.229726880789
-0.0753671973944
0.251499563456
0.0553968399763
-0.213401243091
-0.0646184980869
-0.194035157561
-0.124736957252
-0.0519854836166
-0.200788319111
-0.0983580946922
0.0144440401345
0.0114438040182
0.277841866016
-0.196270808578
-0.225769922137
0.028244683519
0.121867589653
-0.140538468957
0.0264952518046
-0.00313238194212
0.0422882027924
-0.102387219667
0.107968330383
-0.132120609283
0.0174326710403
-0.255197972059
0.0167737975717
-0.242919757962
-0.0139311291277
-0.214278802276
0.108735762537
0.0515293553472
0.106309615076
0.106383435428
0.0990766584873
0.197350040078
-0.0938036069274
-0.0864761248231
0.0523053519428
-0.200344130397
0.399421423674
-0.0461057089269
-0.153057917953
-0.0171645767987
-0.00184030039236
-0.244302392006
0.0503123924136
0.23051661253
-0.0102171851322
-0.0296609960496
-0.15932187438
-0.286103755236
0.107314385474
-0.100527472794
0.0110241156071
-0.077832788229
-0.0479981526732
-0.0483739152551
0.238762393594
0.146697804332
-0.0364350862801
0.266420543194
0.0382071137428
0.0119691547006
-0.0144920907915
-0.0952683389187
-0.195845574141
-0.0212157983333
-0.127091288567
-0.199229285121
-0.0273045357317
0.268773764372
-0.0312297139317
-0.145257905126
-0.0807723253965
0.0307892002165
0.165390044451
0.0149695482105
0.0465875528753
-0.293234944344
-0.0819052159786
-0.262064695358
0.0246070735157
0.00255062570795
0.165844410658
0.0661123171449
-0.000137935974635
0.204952195287
0.136734709144
0.102566383779
0.0701708570123
0.0239044670016
-0.249550402164
-0.0786498486996
-0.151302099228
0.0336889475584
0.0532223172486
-0.180111125112
0.178855806589
-0.0162346586585
0.0752353295684
0.132942050695
-0.00901386793703
0.107728362083
0.278167009354
-0.163369894028
-0.1155012995
-0.063179127872
-0.234341725707
-0.0442188195884
0.0825714319944
-0.0821962654591
0.152957037091
0.0477435737848
-0.116745650768
-0.142154216766
-0.152309983969
-0.0308416392654
0.0564531609416
-0.0521495789289
0.12486192584
-0.096220292151
0.14546109736
0.173827931285
0.0858633741736
0.0883634984493
-0.0455153845251
-0.030993571505
-0.150107190013
0.099015571177
0.0925583019853
0.224425733089
-0.0100985374302
-0.0899902880192
-0.0248310938478
-0.0701808929443
0.0369555316865
0.060152862221
-0.00862408429384
-0.0664807707071
-0.114027969539
-0.195335462689
-0.227921977639
-0.00786667689681
0.0990355014801
-0.163036733866
-0.174602597952
0.0406404398382
0.0344690158963
0.0325710102916
-0.247299924493
-0.238483607769
-0.290248930454
0.261825948954
0.255180537701
-0.0670342519879
0.0960151106119
-0.106050364673
0.106927908957
-0.264131546021
-0.0346186310053
0.0218038111925
-0.0999893844128
0.277303487062
-0.00985362008214
0.065271563828
0.031851105392
0.0850292667747
0.00544012524188
0.0141551857814
-0.0740300938487
0.0365855544806
0.0720716565847
0.114048756659
0.0260495506227
0.0757612586021
0.0932588130236
0.0240217298269
0.0372474975884
0.412104040384
-0.0642202198505
0.0105254333466
0.0146645233035
-0.0206784121692
-0.0119095817208
-0.00903618615121
0.0241164155304
-0.0499915778637
-0.0194725450128
-0.0688309818506
0.0773821026087
-0.0974503010511
-0.000858834304381
0.047095015645
0.00333830015734
-0.107456631958
0.108715340495
-0.0825035199523
-0.189706370234
-0.0179531406611
0.0668080821633
0.0472587868571
-0.105847775936
-0.0198838170618
-0.109278343618
0.00164121156558
0.0296007525176
-0.0351836048067
0.0385544300079
-0.0572010800242
-0.243441313505
0.126560807228
-0.0990359634161
-0.0792174860835
-0.0331724472344
0.024602688849
-0.032652489841
-0.00300686666742
-0.104662485421
-0.0169899500906
0.0647892951965
-0.0051489463076
0.0225646831095
-0.00809513311833
0.0704638808966
-0.105947367847
0.00795363262296
-0.0548170618713
0.0928110182285
-0.316748440266
0.397112995386
0.273296058178
0.0677678883076
0.271217226982
0.421427577734
-0.0946317762136
0.38497209549
0.270447909832
-0.0303061250597
-0.169851243496
0.00107714626938
-0.0692497193813
-0.108940608799
-0.060667809099
-0.024257812649
-0.19379684329
-0.131373867393
-0.405930072069
0.179151207209
0.115360662341
0.2875251472
0.196546077728
-0.217742994428
0.319365978241
0.165297791362
0.0611508190632
-0.0635099560022
0.0497787743807
-0.00288303429261
0.295465201139
-0.129902407527
0.017522322014
-0.0088152512908
-0.0723150894046
0.0968518033624
-0.028537189588
-0.135638386011
-0.0150912823156
0.389511317015
-0.169334739447
0.20798791945
0.0952204689384
-0.13368307054
0.319285333157
0.118727870286
-0.156255602837
0.0177735295147
-0.0921051576734
-0.0977301225066
0.0319368317723
0.465940117836
-0.385769873857
-0.328643858433
-0.0557185895741
0.318775564432
-0.247389733791
-0.0958511307836
-0.305111080408
-0.262534022331
-0.0470653176308
-0.0217516999692
-0.288570910692
-0.051440153271
-0.0306400936097
-0.0115091111511
-0.0190352797508
-0.00701056653634
0.0532440245152
-0.00477441353723
-0.0325086861849
0.0766510590911
-0.0108041986823
0.0314985476434
-0.0426576584578
-0.135230660439
0.0193384196609
-0.0947469770908
0.0628914833069
-0.364679098129
0.149096593261
0.0294348727912
-0.097844414413
0.0141753768548
-0.0136411814019
-0.122053064406
-0.0556433424354
0.0797522366047
-0.0132518410683
-0.013948302716
0.00451425323263
-0.0535934232175
-0.0310409106314
-0.0717693194747
0.133380562067
-0.00252866465598
0.0126664200798
0.0685999393463
0.0854562446475
0.117811217904
0.0603289119899
-0.102786950767
-0.0577098205686
-0.0197101403028
-0.0211926326156
-0.0440715961158
-0.009636586532
0.0372690968215
-0.0592643395066
-0.016372166574
0.0854910984635
0.188440799713
0.0249489247799
0.109126664698
-0.0486086346209
-0.102573797107
0.049966558814
0.0149341821671
-0.00707175722346
0.0478479899466
-0.00673414254561
-0.00197342899628
-0.0858955606818
0.0136274015531
0.00580788543448
0.035932816565
0.0334570407867
0.00319131230935
0.0442492850125
-0.018407933414
-0.270614326
0.228503376245
0.313692986965
-0.0365067124367
0.419377923012
0.289915412664
-0.117476828396
0.353961139917
0.275132417679
-0.124280452728
-0.00631743436679
-0.0877897664905
-0.0987808555365
-0.0804511904716
-0.151402100921
0.0655321404338
-0.230068415403
0.0174397751689
-0.361688345671
0.263087332249
0.0463487915695
0.129839256406
0.0997700914741
-0.313377946615
0.368797272444
0.290282726288
-0.10570102185
-0.168924868107
0.0359189324081
0.075173407793
0.273679077625
-0.188347801566
-0.00311832688749
0.00868652947247
0.0911027193069
0.0882967337966
0.0343818664551
-0.0662752762437
0.0628133118153
0.154935956001
0.0667096674442
0.306278049946
0.217581480742
-0.130725517869
0.386966526508
0.0598653480411
-0.0983072370291
0.0228799562901
0.0809716656804
-0.160694286227
-0.0402162335813
0.0485871396959
-0.336942195892
-0.245657399297
-0.0609124526381
0.298202931881
-0.356895446777
-0.0203256346285
-0.373330950737
-0.292090684175
-0.132711097598
0.00842402502894
-0.31467422843
0.0
1.0